0.346361 -0.464564
0.346361 -0.464564
0.346361 -0.464564
0.346361 -0.464564
0.346361 -0.464564
0.346361 -0.464564
0.346361 -0.464564
0.346361 -0.464564
0.346361 -0.464564
0.346361 -0.464564
0.346361 -0.464564
0.346361 -0.464564
0.346361 -0.464564
0.346361 -0.464564
0.346361 -0.464564
0.346361 -0.464564
0.346361 -0.464564
0.346361 -0.464564
0.346361 -0.464564
0.346361 -0.464564
0.346361 -0.464564
0.346361 -0.464564
0.346361 -0.464564
0.346361 -0.464564
0.346361 -0.464564
0.346361 -0.464564
0.346361 -0.464564
0.346361 -0.464564
0.346361 -0.464564
0.346361 -0.464564
0.346361 -0.464564
0.346361 -0.464564
0.346361 -0.464564
0.346361 -0.464564
0.346361 -0.464564
0.346361 -0.464564
0.346361 -0.464564
0.346361 -0.464564
0.346361 -0.464564
0.346361 -0.464564
0.346361 -0.464564
0.346361 -0.464564
0.346361 -0.464564
0.346361 -0.464564
0.346361 -0.464564
0.346361 -0.464564
0.346361 -0.464564
0.346361 -0.464564
0.346361 -0.464564
0.346361 -0.464564
0.346361 -0.464564
0.346361 -0.464564
0.346361 -0.464564
0.346361 -0.464564
0.346361 -0.464564
0.346361 -0.464564
0.346361 -0.464564
0.346361 -0.464564
0.346361 -0.464564
0.346361 -0.464564
0.346361 -0.464564
0.346361 -0.464564
0.346361 -0.464564
0.346361 -0.464564
0.346361 -0.464564
0.346361 -0.464564
0.346361 -0.464564
0.346361 -0.464564
0.346361 -0.464564
0.346361 -0.464564
0.346361 -0.464564
0.346361 -0.464564
0.346361 -0.464564
0.346361 -0.464564
0.346361 -0.464564
0.346361 -0.464564
0.346361 -0.464564
0.346361 -0.464564
0.346361 -0.464564
0.346361 -0.464564
0.346361 -0.464564
0.346361 -0.464564
0.346361 -0.464564
0.346361 -0.464564
0.346361 -0.464564
0.346361 -0.464564
0.346361 -0.464564
0.346361 -0.464564
0.346361 -0.464564
0.346361 -0.464564
0.346361 -0.464564
0.346361 -0.464564
0.346361 -0.464564
0.346361 -0.464564
0.346361 -0.464564
0.346361 -0.464564
0.346361 -0.464564
0.346361 -0.464564
0.346361 -0.464564
0.346361 -0.464564
0.346361 -0.464564
0.346361 -0.464564
0.346361 -0.464564
0.346361 -0.464564
0.346361 -0.464564
0.346361 -0.464564
0.346361 -0.464564
0.346361 -0.464564
0.346361 -0.464564
0.346361 -0.464564
0.346361 -0.464564
0.346361 -0.464564
0.346361 -0.464564
0.346361 -0.464564
0.346361 -0.464564
0.346361 -0.464564
0.346361 -0.464564
0.346361 -0.464564
0.346361 -0.464564
0.346361 -0.464564
0.346361 -0.464564
0.346361 -0.464564
0.346361 -0.464564
0.346361 -0.464564
0.346361 -0.464564
0.346361 -0.464564
0.346361 -0.464564
0.346361 -0.464564
0.346361 -0.464564
0.346361 -0.464564
0.346361 -0.464564
0.346361 -0.464564
0.346361 -0.464564
0.346361 -0.464564
0.346361 -0.464564
0.346361 -0.464564
0.346361 -0.464564
0.346361 -0.464564
0.346361 -0.464564
0.346361 -0.464564
0.346361 -0.464564
0.346361 -0.464564
0.346361 -0.464564
0.346361 -0.464564
0.346361 -0.464564
0.346361 -0.464564
0.346361 -0.464564
0.346361 -0.464564
0.346361 -0.464564
0.346361 -0.464564
0.346361 -0.464564
0.346361 -0.464564
0.346361 -0.464564
0.346361 -0.464564
0.346361 -0.464564
0.346361 -0.464564
0.346361 -0.464564
0.346361 -0.464564
0.346361 -0.464564
0.346361 -0.464564
0.346361 -0.464564
0.346361 -0.464564
0.346361 -0.464564
0.346361 -0.464564
0.346361 -0.464564
0.346361 -0.464564
0.346361 -0.464564
0.346361 -0.464564
0.346361 -0.464564
0.346361 -0.464564
0.346361 -0.464564
0.346361 -0.464564
0.346361 -0.464564
0.346361 -0.464564
0.346361 -0.464564
0.346361 -0.464564
0.346361 -0.464564
0.346361 -0.464564
0.346361 -0.464564
0.346361 -0.464564
0.346361 -0.464564
0.346361 -0.464564
0.346361 -0.464564
0.346361 -0.464564
0.346361 -0.464564
0.346361 -0.464564
0.346361 -0.464564
0.346361 -0.464564
0.346361 -0.464564
0.346361 -0.464564
0.346361 -0.464564
0.346361 -0.464564
0.346361 -0.464564
0.346361 -0.464564
0.346361 -0.464564
0.346361 -0.464564
0.346361 -0.464564
0.346361 -0.464564
0.346361 -0.464564
0.346361 -0.464564
0.346361 -0.464564
0.346361 -0.464564
0.346361 -0.464564
0.346361 -0.464564
0.346361 -0.464564
0.346361 -0.464564
0.346361 -0.464564
0.346361 -0.464564
0.346361 -0.464564
0.346361 -0.464564
0.346361 -0.464564
0.346361 -0.464564
0.346361 -0.464564
0.346361 -0.464564
0.346361 -0.464564
0.346361 -0.464564
0.346361 -0.464564
0.346361 -0.464564
0.346361 -0.464564
0.346361 -0.464564
0.346361 -0.464564
0.346361 -0.464564
0.346361 -0.464564
0.346361 -0.464564
0.346361 -0.464564
0.346361 -0.464564
0.346361 -0.464564
0.346361 -0.464564
0.346361 -0.464564
0.346361 -0.464564
0.346361 -0.464564
0.346361 -0.464564
0.346361 -0.464564
0.346361 -0.464564
0.346361 -0.464564
0.346361 -0.464564
0.346361 -0.464564
0.346361 -0.464564
0.346361 -0.464564
0.346361 -0.464564
0.346361 -0.464564
0.346361 -0.464564
0.346361 -0.464564
0.346361 -0.464564
0.346361 -0.464564
0.346361 -0.464564
0.346361 -0.464564
0.346361 -0.464564
0.346361 -0.464564
0.346361 -0.464564
0.346361 -0.464564
0.346361 -0.464564
0.346361 -0.464564
0.346361 -0.464564
0.346361 -0.464564
0.346361 -0.464564
0.346361 -0.464564
0.346361 -0.464564
0.346361 -0.464564
0.346361 -0.464564
0.346361 -0.464564
0.346361 -0.464564
0.346361 -0.464564
0.346361 -0.464564
0.346361 -0.464564
0.346361 -0.464564
0.346361 -0.464564
0.346361 -0.464564
0.346361 -0.464564
0.346361 -0.464564
0.346361 -0.464564
0.346361 -0.464564
0.346361 -0.464564
0.346361 -0.464564
0.346361 -0.464564
0.346361 -0.464564
0.346361 -0.464564
0.346361 -0.464564
0.346361 -0.464564
0.346361 -0.464564
0.346361 -0.464564
0.346361 -0.464564
0.346361 -0.464564
0.346361 -0.464564
0.346361 -0.464564
0.346361 -0.464564
0.346361 -0.464564
0.346361 -0.464564
0.346361 -0.464564
0.346361 -0.464564
0.346361 -0.464564
0.346361 -0.464564
0.346361 -0.464564
0.346361 -0.464564
0.346361 -0.464564
0.346361 -0.464564
0.346361 -0.464564
0.346361 -0.464564
0.346361 -0.464564
0.346361 -0.464564
0.346361 -0.464564
0.346361 -0.464564
0.346361 -0.464564
0.346361 -0.464564
0.346361 -0.464564
0.346361 -0.464564
0.346361 -0.464564
0.346361 -0.464564
0.346361 -0.464564
0.346361 -0.464564
0.346361 -0.464564
0.346361 -0.464564
0.346361 -0.464564
0.346361 -0.464564
0.346361 -0.464564
0.346361 -0.464564
0.346361 -0.464564
0.346361 -0.464564
0.346361 -0.464564
0.346361 -0.464564
0.346361 -0.464564
0.346361 -0.464564
0.346361 -0.464564
0.346361 -0.464564
0.346361 -0.464564
0.346361 -0.464564
0.346361 -0.464564
0.346361 -0.464564
0.346361 -0.464564
0.346361 -0.464564
0.346361 -0.464564
0.346361 -0.464564
0.346361 -0.464564
0.346361 -0.464564
0.346361 -0.464564
0.346361 -0.464564
0.346361 -0.464564
0.346361 -0.464564
0.346361 -0.464564
0.346361 -0.464564
0.346361 -0.464564
0.346361 -0.464564
0.346361 -0.464564
0.346361 -0.464564
0.346361 -0.464564
0.346361 -0.464564
0.346361 -0.464564
0.346361 -0.464564
0.346361 -0.464564
0.346361 -0.464564
0.346361 -0.464564
0.346361 -0.464564
0.346361 -0.464564
0.346361 -0.464564
0.346361 -0.464564
0.346361 -0.464564
0.346361 -0.464564
0.346361 -0.464564
0.346361 -0.464564
0.346361 -0.464564
0.346361 -0.464564
0.346361 -0.464564
0.346361 -0.464564
0.346361 -0.464564
0.346361 -0.464564
0.346361 -0.464564
0.346361 -0.464564
0.346361 -0.464564
0.346361 -0.464564
0.346361 -0.464564
0.346361 -0.464564
0.346361 -0.464564
0.346361 -0.464564
0.346361 -0.464564
0.346361 -0.464564
0.346361 -0.464564
0.346361 -0.464564
0.346361 -0.464564
0.346361 -0.464564
0.346361 -0.464564
0.346361 -0.464564
0.346361 -0.464564
0.346361 -0.464564
0.346361 -0.464564
0.346361 -0.464564
0.346361 -0.464564
0.346361 -0.464564
0.346361 -0.464564
0.346361 -0.464564
0.346361 -0.464564
0.346361 -0.464564
0.346361 -0.464564
0.346361 -0.464564
0.346361 -0.464564
0.346361 -0.464564
0.346361 -0.464564
0.346361 -0.464564
0.346361 -0.464564
0.346361 -0.464564
0.346361 -0.464564
0.346361 -0.464564
0.346361 -0.464564
0.346361 -0.464564
0.346361 -0.464564
0.346361 -0.464564
0.346361 -0.464564
0.346361 -0.464564
0.346361 -0.464564
0.346361 -0.464564
0.346361 -0.464564
0.346361 -0.464564
0.346361 -0.464564
0.346361 -0.464564
0.346361 -0.464564
0.346361 -0.464564
0.346361 -0.464564
0.346361 -0.464564
0.346361 -0.464564
0.346361 -0.464564
0.346361 -0.464564
0.346361 -0.464564
0.346361 -0.464564
0.346361 -0.464564
0.346361 -0.464564
0.346361 -0.464564
0.346361 -0.464564
0.346361 -0.464564
0.346361 -0.464564
0.346361 -0.464564
0.346361 -0.464564
0.346361 -0.464564
0.346361 -0.464564
0.346361 -0.464564
0.346361 -0.464564
0.346361 -0.464564
0.346361 -0.464564
0.346361 -0.464564
0.346361 -0.464564
0.346361 -0.464564
0.346361 -0.464564
0.346361 -0.464564
0.346361 -0.464564
0.346361 -0.464564
0.346361 -0.464564
0.346361 -0.464564
0.346361 -0.464564
0.346361 -0.464564
0.346361 -0.464564
0.346361 -0.464564
0.346361 -0.464564
0.346361 -0.464564
0.346361 -0.464564
0.346361 -0.464564
0.346361 -0.464564
0.346361 -0.464564
0.346361 -0.464564
0.346361 -0.464564
0.346361 -0.464564
0.346361 -0.464564
0.346361 -0.464564
0.346361 -0.464564
0.346361 -0.464564
0.346361 -0.464564
0.346361 -0.464564
0.346361 -0.464564
0.346361 -0.464564
0.346361 -0.464564
0.346361 -0.464564
0.346361 -0.464564
0.346361 -0.464564
0.346361 -0.464564
0.346361 -0.464564
0.346361 -0.464564
0.346361 -0.464564
0.346361 -0.464564
0.346361 -0.464564
0.346361 -0.464564
0.346361 -0.464564
0.346361 -0.464564
0.346361 -0.464564
0.346361 -0.464564
0.346361 -0.464564
0.346361 -0.464564
0.346361 -0.464564
0.346361 -0.464564
0.346361 -0.464564
0.346361 -0.464564
0.346361 -0.464564
0.346361 -0.464564
0.346361 -0.464564
0.346361 -0.464564
0.346361 -0.464564
0.346361 -0.464564
0.346361 -0.464564
0.346361 -0.464564
0.346361 -0.464564
0.346361 -0.464564
0.346361 -0.464564
0.346361 -0.464564
0.346361 -0.464564
0.346361 -0.464564
0.346361 -0.464564
0.346361 -0.464564
0.346361 -0.464564
0.346361 -0.464564
0.346361 -0.464564
0.346361 -0.464564
0.346361 -0.464564
0.346361 -0.464564
0.346361 -0.464564
0.346361 -0.464564
0.346361 -0.464564
0.346361 -0.464564
0.346361 -0.464564
0.346361 -0.464564
0.346361 -0.464564
0.346361 -0.464564
0.346361 -0.464564
0.346361 -0.464564
0.346361 -0.464564
0.346361 -0.464564
0.346361 -0.464564
0.346361 -0.464564
0.346361 -0.464564
0.346361 -0.464564
0.346361 -0.464564
0.346361 -0.464564
0.346361 -0.464564
0.346361 -0.464564
0.346361 -0.464564
0.346361 -0.464564
0.346361 -0.464564
0.346361 -0.464564
0.346361 -0.464564
0.346361 -0.464564
0.346361 -0.464564
0.346361 -0.464564
0.346361 -0.464564
0.346361 -0.464564
0.346361 -0.464564
0.346361 -0.464564
0.346361 -0.464564
0.346361 -0.464564
0.346361 -0.464564
0.346361 -0.464564
0.346361 -0.464564
0.346361 -0.464564
0.346361 -0.464564
0.346361 -0.464564
0.346361 -0.464564
0.346361 -0.464564
0.346361 -0.464564
0.346361 -0.464564
0.346361 -0.464564
0.346361 -0.464564
0.346361 -0.464564
0.346361 -0.464564
0.346361 -0.464564
0.346361 -0.464564
0.346361 -0.464564
0.346361 -0.464564
0.346361 -0.464564
0.346361 -0.464564
0.346361 -0.464564
0.346361 -0.464564
0.346361 -0.464564
0.346361 -0.464564
0.346361 -0.464564
0.346361 -0.464564
0.346361 -0.464564
0.346361 -0.464564
0.346361 -0.464564
0.346361 -0.464564
0.346361 -0.464564
0.346361 -0.464564
0.346361 -0.464564
0.346361 -0.464564
0.346361 -0.464564
0.346361 -0.464564
0.346361 -0.464564
0.346361 -0.464564
0.346361 -0.464564
0.346361 -0.464564
0.346361 -0.464564
0.346361 -0.464564
0.346361 -0.464564
0.346361 -0.464564
0.346361 -0.464564
0.346361 -0.464564
0.346361 -0.464564
0.346361 -0.464564
0.346361 -0.464564
0.346361 -0.464564
0.346361 -0.464564
0.346361 -0.464564
0.346361 -0.464564
0.346361 -0.464564
0.346361 -0.464564
0.346361 -0.464564
0.346361 -0.464564
0.346361 -0.464564
0.346361 -0.464564
0.346361 -0.464564
0.346361 -0.464564
0.346361 -0.464564
0.346361 -0.464564
0.346361 -0.464564
0.346361 -0.464564
0.346361 -0.464564
0.346361 -0.464564
0.346361 -0.464564
0.346361 -0.464564
0.346361 -0.464564
0.346361 -0.464564
0.346361 -0.464564
0.346361 -0.464564
0.346361 -0.464564
0.346361 -0.464564
0.346361 -0.464564
0.346361 -0.464564
0.346361 -0.464564
0.346361 -0.464564
0.346361 -0.464564
0.346361 -0.464564
0.346361 -0.464564
0.346361 -0.464564
0.346361 -0.464564
0.346361 -0.464564
0.346361 -0.464564
0.346361 -0.464564
0.346361 -0.464564
0.346361 -0.464564
0.346361 -0.464564
0.346361 -0.464564
0.346361 -0.464564
0.346361 -0.464564
0.346361 -0.464564
0.346361 -0.464564
0.346361 -0.464564
0.346361 -0.464564
0.346361 -0.464564
0.346361 -0.464564
0.346361 -0.464564
0.346361 -0.464564
0.346361 -0.464564
0.346361 -0.464564
0.346361 -0.464564
0.346361 -0.464564
0.346361 -0.464564
0.346361 -0.464564
0.346361 -0.464564
0.346361 -0.464564
0.346361 -0.464564
0.346361 -0.464564
0.346361 -0.464564
0.346361 -0.464564
0.346361 -0.464564
0.346361 -0.464564
0.346361 -0.464564
0.346361 -0.464564
0.346361 -0.464564
0.346361 -0.464564
0.346361 -0.464564
0.346361 -0.464564
0.346361 -0.464564
0.346361 -0.464564
0.346361 -0.464564
0.346361 -0.464564
0.346361 -0.464564
0.346361 -0.464564
0.346361 -0.464564
0.346361 -0.464564
0.346361 -0.464564
0.346361 -0.464564
0.346361 -0.464564
0.346361 -0.464564
0.346361 -0.464564
0.346361 -0.464564
0.346361 -0.464564
0.346361 -0.464564
0.346361 -0.464564
0.346361 -0.464564
0.346361 -0.464564
0.346361 -0.464564
0.346361 -0.464564
0.346361 -0.464564
0.346361 -0.464564
0.346361 -0.464564
0.346361 -0.464564
0.346361 -0.464564
0.346361 -0.464564
0.346361 -0.464564
0.346361 -0.464564
0.346361 -0.464564
0.346361 -0.464564
0.346361 -0.464564
0.346361 -0.464564
0.346361 -0.464564
0.346361 -0.464564
0.346361 -0.464564
0.346361 -0.464564
0.346361 -0.464564
0.346361 -0.464564
0.346361 -0.464564
0.346361 -0.464564
0.346361 -0.464564
0.346361 -0.464564
0.346361 -0.464564
0.346361 -0.464564
0.346361 -0.464564
0.346361 -0.464564
0.346361 -0.464564
0.346361 -0.464564
0.346361 -0.464564
0.346361 -0.464564
0.346361 -0.464564
0.346361 -0.464564
0.346361 -0.464564
0.346361 -0.464564
0.346361 -0.464564
0.346361 -0.464564
0.346361 -0.464564
0.346361 -0.464564
0.346361 -0.464564
0.346361 -0.464564
0.346361 -0.464564
0.346361 -0.464564
0.346361 -0.464564
0.346361 -0.464564
0.346361 -0.464564
0.346361 -0.464564
0.346361 -0.464564
0.346361 -0.464564
0.346361 -0.464564
0.346361 -0.464564
0.346361 -0.464564
0.346361 -0.464564
0.346361 -0.464564
0.346361 -0.464564
0.346361 -0.464564
0.346361 -0.464564
0.346361 -0.464564
0.346361 -0.464564
0.346361 -0.464564
0.346361 -0.464564
0.346361 -0.464564
0.346361 -0.464564
0.346361 -0.464564
0.346361 -0.464564
0.346361 -0.464564
0.346361 -0.464564
0.346361 -0.464564
0.346361 -0.464564
0.346361 -0.464564
0.346361 -0.464564
0.346361 -0.464564
0.346361 -0.464564
0.346361 -0.464564
0.346361 -0.464564
0.346361 -0.464564
0.346361 -0.464564
0.346361 -0.464564
0.346361 -0.464564
0.346361 -0.464564
0.346361 -0.464564
0.346361 -0.464564
0.346361 -0.464564
0.346361 -0.464564
0.346361 -0.464564
0.346361 -0.464564
0.346361 -0.464564
0.346361 -0.464564
0.346355 -0.464297
0.346332 -0.46308
0.346323 -0.462559
0.346226 -0.45889
0.34607 -0.455129
0.34579 -0.450333
0.345082 -0.44196
0.344865 -0.439893
0.344066 -0.43325
0.343464 -0.428929
0.342585 -0.423296
0.340975 -0.414321
0.340563 -0.412223
0.339198 -0.405711
0.338221 -0.401377
0.336923 -0.395942
0.334708 -0.387337
0.334157 -0.385308
0.332048 -0.377863
0.33111 -0.374702
0.329504 -0.369465
0.326748 -0.360913
0.326047 -0.358817
0.323549 -0.351557
0.322434 -0.348419
0.320639 -0.34349
0.318252 -0.337253
0.317507 -0.335381
0.315038 -0.329295
0.313335 -0.325192
0.311177 -0.320085
0.307632 -0.311901
0.306741 -0.309882
0.30406 -0.303883
0.302236 -0.299868
0.299947 -0.294898
0.297246 -0.289066
0.296645 -0.287766
0.293563 -0.281138
0.292142 -0.278119
0.289777 -0.273148
0.286015 -0.265373
0.285071 -0.263445
0.282169 -0.257578
0.28013 -0.253504
0.277577 -0.248459
0.273534 -0.240577
0.272527 -0.238634
0.269447 -0.232737
0.267396 -0.228846
0.264805 -0.223973
0.260612 -0.216176
0.259561 -0.214238
0.256402 -0.208451
0.254276 -0.204585
0.2516 -0.199755
0.248206 -0.193603
0.247835 -0.192925
0.244313 -0.186501
0.242719 -0.183611
0.240036 -0.178776
0.235113 -0.169998
0.234639 -0.16916
0.230825 -0.162446
0.229184 -0.159577
0.226433 -0.154792
0.221999 -0.147143
0.220884 -0.145231
0.217545 -0.139534
0.21568 -0.13636
0.214047 -0.133562
0.21148 -0.129201
0.210849 -0.12815
0.208829 -0.124857
0.206756 -0.121545
0.203827 -0.116897
0.199185 -0.109567
0.19801 -0.107718
0.194445 -0.102123
0.192038 -0.0983532
0.189019 -0.0936375
0.18424 -0.0861953
0.183022 -0.084302
0.179467 -0.0787927
0.17751 -0.0757567
0.17548 -0.072567
0.173645 -0.0696428
0.170745 -0.0650154
0.166032 -0.0575353
0.164864 -0.0556909
0.161303 -0.0500842
0.158928 -0.0463621
0.156067 -0.0418996
0.152811 -0.0369165
0.151816 -0.0354209
0.148167 -0.0299635
0.145728 -0.0263266
0.142669 -0.0217759
0.137064 -0.0134702
0.136467 -0.012588
0.132113 -0.00616859
0.130249 -0.0034284
0.127135 0.00113821
0.122144 0.00842962
0.120898 0.0102451
0.117156 0.0156832
0.11465 0.0193149
0.110938 0.0246792
0.108977 0.0275168
0.107285 0.0299935
0.102987 0.0363512
0.101751 0.0381803
0.0980289 0.0436651
0.0955802 0.0472559
0.0925317 0.0517068
0.0875118 0.0589884
0.0862417 0.0608209
0.0824399 0.0662808
0.0803405 0.0692879
0.0785874 0.0718198
0.0764296 0.075011
0.075714 0.0760894
0.0719204 0.0818118
0.0704782 0.0839844
0.0687151 0.0866561
0.0643583 0.0932699
0.0631497 0.0950941
0.0594757 0.100594
0.0570106 0.104247
0.0539051 0.108807
0.0488841 0.116081
0.0476404 0.117864
0.0439275 0.123151
0.0414176 0.126692
0.0381756 0.131227
0.0328929 0.138515
0.0315522 0.140345
0.027689 0.145574
0.0249831 0.149198
0.0216616 0.153602
0.0162917 0.160626
0.0149336 0.162384
0.0108566 0.167617
0.00817538 0.171024
0.004794 0.17528
-0.000689321 0.182089
-0.00207791 0.183795
-0.00631291 0.188947
-0.00867698 0.191798
-0.0106584 0.194191
-0.0126902 0.196686
-0.0134037 0.197575
-0.0168483 0.201855
-0.0190991 0.204634
-0.0210162 0.207002
-0.0256505 0.212701
-0.0270501 0.214405
-0.0311829 0.219367
-0.0333364 0.2219
-0.0358843 0.224823
-0.0403328 0.229721
-0.0417233 0.231209
-0.0464503 0.236196
-0.0495496 0.23941
-0.0533809 0.243325
-0.0595895 0.24953
-0.0611824 0.251094
-0.0659128 0.25567
-0.068998 0.258601
-0.0729183 0.262263
-0.0795932 0.268322
-0.0812198 0.269766
-0.0862344 0.274134
-0.0896425 0.277031
-0.0938743 0.280544
-0.100681 0.285998
-0.102399 0.287336
-0.107635 0.291319
-0.111211 0.293956
-0.115712 0.297178
-0.123085 0.30221
-0.124811 0.303343
-0.130263 0.306807
-0.133205 0.308603
-0.135642 0.31005
-0.1418 0.313546
-0.143625 0.314538
-0.150443 0.318074
-0.153363 0.319508
-0.158318 0.321836
-0.166708 0.325481
-0.168638 0.326268
-0.174936 0.328709
-0.179088 0.330213
-0.184188 0.331947
-0.19275 0.334587
-0.194791 0.335167
-0.20115 0.336855
-0.205548 0.337919
-0.210762 0.339072
-0.219391 0.340725
-0.221601 0.341098
-0.228256 0.3421
-0.232647 0.34266
-0.238134 0.34325
-0.247023 0.343947
-0.249142 0.344066
-0.25576 0.344322
-0.260307 0.344396
-0.265729 0.344376
-0.274447 0.344098
-0.276633 0.34398
-0.283238 0.343508
-0.286978 0.343162
-0.290375 0.342799
-0.297352 0.341906
-0.30063 0.341416
-0.306052 0.340509
-0.312266 0.339318
-0.313744 0.339011
-0.320871 0.337397
-0.323445 0.33676
-0.326687 0.335916
-0.334333 0.33374
-0.33641 0.333103
-0.342552 0.331104
-0.346777 0.329625
-0.352121 0.327632
-0.35937 0.324703
-0.362414 0.323393
-0.368445 0.320656
-0.372424 0.318742
-0.377349 0.316252
-0.38511 0.312045
-0.387029 0.310949
-0.392721 0.307563
-0.396503 0.3052
-0.401086 0.302206
-0.408372 0.297143
-0.410159 0.295842
-0.415336 0.291932
-0.418708 0.28927
-0.422978 0.28576
-0.429783 0.279826
-0.431438 0.278315
-0.43626 0.273755
-0.4394 0.270652
-0.443264 0.26668
-0.449231 0.260204
-0.450694 0.258551
-0.455009 0.253512
-0.457808 0.250112
-0.461252 0.245782
-0.466591 0.238731
-0.467908 0.236925
-0.471741 0.231514
-0.474234 0.227866
-0.477276 0.223271
-0.48113 0.217232
-0.481535 0.216584
-0.48541 0.210231
-0.487056 0.207443
-0.489732 0.202791
-0.494051 0.194953
-0.4951 0.192982
-0.49815 0.187097
-0.499823 0.183772
-0.501236 0.180921
-0.502353 0.178672
-0.502726 0.177927
-0.50483 0.173688
-0.506244 0.170791
-0.507395 0.168414
-0.508273 0.166611
-0.508504 0.16614
-0.510097 0.162821
-0.511547 0.159688
-0.513298 0.155744
-0.515811 0.149736
-0.516388 0.14829
-0.518214 0.143535
-0.519369 0.140369
-0.520821 0.136203
-0.523598 0.127803
-0.52427 0.125703
-0.526242 0.119378
-0.527515 0.115164
-0.529061 0.109895
-0.531456 0.101378
-0.532029 0.0992693
-0.533717 0.0928939
-0.534632 0.0893453
-0.535431 0.0862227
-0.536774 0.0807473
-0.537118 0.0792634
-0.538126 0.0746735
-0.538995 0.0704938
-0.540083 0.0650804
-0.541735 0.0564816
-0.542134 0.0543272
-0.543302 0.0478363
-0.544055 0.043497
-0.544971 0.0380433
-0.546362 0.0293679
-0.546698 0.0271971
-0.547685 0.0206203
-0.54832 0.0162092
-0.54909 0.0106633
-0.550248 0.00186463
-0.550522 -0.000309163
-0.551319 -0.00684217
-0.551749 -0.0104814
-0.552121 -0.013583
-0.552505 -0.0165801
-0.552762 -0.0184725
-0.553399 -0.0231897
-0.554219 -0.0297866
-0.554421 -0.0315661
-0.555135 -0.0381753
-0.555515 -0.0418423
-0.555845 -0.0449764
-0.556188 -0.0480063
-0.556421 -0.0499378
-0.557009 -0.0548339
-0.557826 -0.0616674
-0.557916 -0.0624126
-0.558768 -0.0696421
-0.55914 -0.072927
-0.559742 -0.0784742
-0.560631 -0.0872541
-0.560843 -0.0894682
-0.561447 -0.0960772
-0.561826 -0.100479
-0.562272 -0.105952
-0.562932 -0.11478
-0.563079 -0.116878
-0.563517 -0.123519
-0.563783 -0.12786
-0.564096 -0.133356
-0.564552 -0.142283
-0.564655 -0.144499
-0.564938 -0.151066
-0.565087 -0.154788
-0.565222 -0.157967
-0.565379 -0.161054
-0.565456 -0.162398
-0.565642 -0.166031
-0.565747 -0.168722
-0.565837 -0.172068
-0.565889 -0.177396
-0.565885 -0.178677
-0.565837 -0.182485
-0.565755 -0.186375
-0.565618 -0.191906
-0.565356 -0.201019
-0.565288 -0.203179
-0.56506 -0.209928
-0.564903 -0.214268
-0.564691 -0.21978
-0.564325 -0.228636
-0.564229 -0.230839
-0.563933 -0.237359
-0.563762 -0.241066
-0.563632 -0.244193
-0.563362 -0.251506
-0.563285 -0.253627
-0.56299 -0.261273
-0.562859 -0.264463
-0.562618 -0.270027
-0.562197 -0.279057
-0.562092 -0.28121
-0.561753 -0.287854
-0.561517 -0.29228
-0.561212 -0.297774
-0.560696 -0.306597
-0.560563 -0.308776
-0.560149 -0.315383
-0.559864 -0.319778
-0.559496 -0.325263
-0.558877 -0.334077
-0.558718 -0.336279
-0.558229 -0.342872
-0.557891 -0.3473
-0.557462 -0.352774
-0.556744 -0.361639
-0.556567 -0.36377
-0.555914 -0.37148
-0.55563 -0.374755
-0.555145 -0.38025
-0.554349 -0.388991
-0.554181 -0.390769
-0.55376 -0.39492
-0.553336 -0.398815
-0.552723 -0.404309
-0.551733 -0.413047
-0.551485 -0.415213
-0.550734 -0.421696
-0.550232 -0.425977
-0.549583 -0.431461
-0.5485 -0.440483
-0.54824 -0.442625
-0.547442 -0.449177
-0.547005 -0.452777
-0.546642 -0.455899
-0.545817 -0.463376
-0.545583 -0.465524
-0.544856 -0.472098
-0.544459 -0.475678
-0.544139 -0.478696
-0.543804 -0.48221
-0.543618 -0.48436
-0.543182 -0.489454
-0.542667 -0.49567
-0.542554 -0.4971
-0.542067 -0.503265
-0.54171 -0.507674
-0.541248 -0.513176
-0.540572 -0.520871
-0.540271 -0.524182
-0.53976 -0.529653
-0.538904 -0.538425
-0.538684 -0.540613
-0.538008 -0.547176
-0.537543 -0.551564
-0.536962 -0.556897
-0.536251 -0.562879
-0.536021 -0.564677
-0.535167 -0.571195
-0.534585 -0.575544
-0.533849 -0.580969
-0.532653 -0.589595
-0.532355 -0.591716
-0.531422 -0.598278
-0.530778 -0.602749
-0.529967 -0.608301
-0.528661 -0.617104
-0.528337 -0.619262
-0.52734 -0.625826
-0.52667 -0.630182
-0.525852 -0.635433
-0.524885 -0.641301
-0.524582 -0.643047
-0.523453 -0.649466
-0.522693 -0.653748
-0.521722 -0.659181
-0.520147 -0.667915
-0.519753 -0.670078
-0.518558 -0.676609
-0.517753 -0.680976
-0.51675 -0.686383
-0.515128 -0.695047
-0.514721 -0.697205
-0.513497 -0.703658
-0.512669 -0.707995
-0.511624 -0.713433
-0.509935 -0.722132
-0.509512 -0.724298
-0.508044 -0.731738
-0.507541 -0.734246
-0.506896 -0.737345
-0.505834 -0.742107
-0.505443 -0.743781
-0.503983 -0.749966
-0.502967 -0.754257
-0.501686 -0.759654
-0.499636 -0.768271
-0.499112 -0.770472
-0.497344 -0.777864
-0.496735 -0.780385
-0.495929 -0.783637
-0.493891 -0.791658
-0.493354 -0.793762
-0.491722 -0.800144
-0.49063 -0.804413
-0.489261 -0.809757
-0.487053 -0.818352
-0.486508 -0.820466
-0.484853 -0.826884
-0.48375 -0.831154
-0.482386 -0.836416
-0.480141 -0.845045
-0.479605 -0.847098
-0.477905 -0.853599
-0.476783 -0.857872
-0.475373 -0.863225
-0.47311 -0.871772
-0.472541 -0.873908
-0.47084 -0.880283
-0.469694 -0.884555
-0.46826 -0.889873
-0.465946 -0.898392
-0.465364 -0.900522
-0.463623 -0.906866
-0.462665 -0.91036
-0.461854 -0.913365
-0.460527 -0.918232
-0.460198 -0.919401
-0.459131 -0.923059
-0.458011 -0.92678
-0.456411 -0.932047
-0.453835 -0.940482
-0.453188 -0.942596
-0.451252 -0.948886
-0.449971 -0.953027
-0.448348 -0.958245
-0.445721 -0.966635
-0.445053 -0.968756
-0.443031 -0.975147
-0.441913 -0.978677
-0.440964 -0.98172
-0.439978 -0.985008
-0.439536 -0.986521
-0.438473 -0.990083
-0.437712 -0.992536
-0.436722 -0.995601
-0.435079 -1.00042
-0.434663 -1.00159
-0.433407 -1.00502
-0.432575 -1.00722
-0.431537 -1.00987
-0.429922 -1.01382
-0.429507 -1.01481
-0.428116 -1.01803
-0.427161 -1.02017
-0.425971 -1.02277
-0.424145 -1.02661
-0.423703 -1.02751
-0.422326 -1.03028
-0.421416 -1.03206
-0.420225 -1.03434
-0.416574 -1.04127
-0.415583 -1.04315
-0.412448 -1.04914
-0.410416 -1.05304
-0.407851 -1.05798
-0.403805 -1.06581
-0.402803 -1.06776
-0.399818 -1.07356
-0.397833 -1.07743
-0.395328 -1.08232
-0.391225 -1.09033
-0.390247 -1.09224
-0.387258 -1.09806
-0.385639 -1.10122
-0.384285 -1.10389
-0.38278 -1.10694
-0.381901 -1.10876
-0.379723 -1.11327
-0.377013 -1.11889
-0.376396 -1.12018
-0.373756 -1.12566
-0.371815 -1.12964
-0.369431 -1.13446
-0.367089 -1.13915
-0.366095 -1.14114
-0.363736 -1.1458
-0.359619 -1.15373
-0.358637 -1.15557
-0.354971 -1.16234
-0.353362 -1.16523
-0.350671 -1.16998
-0.346234 -1.17755
-0.345071 -1.17948
-0.341615 -1.18508
-0.339211 -1.18885
-0.336158 -1.19351
-0.331053 -1.20096
-0.329827 -1.20269
-0.325315 -1.20885
-0.32343 -1.21133
-0.320059 -1.21562
-0.314361 -1.22248
-0.312884 -1.22418
-0.308398 -1.22916
-0.305368 -1.23237
-0.301504 -1.23631
-0.295113 -1.24247
-0.293522 -1.24393
-0.28857 -1.24834
-0.285266 -1.25115
-0.280949 -1.25467
-0.273919 -1.26008
-0.272174 -1.26137
-0.266754 -1.26521
-0.263107 -1.26767
-0.258516 -1.27064
-0.250941 -1.27525
-0.249029 -1.27635
-0.243256 -1.27955
-0.24001 -1.28126
-0.237215 -1.28269
-0.230541 -1.28592
-0.228536 -1.28684
-0.221488 -1.28992
-0.218504 -1.29115
-0.213418 -1.29314
-0.205008 -1.29615
-0.202869 -1.29686
-0.196488 -1.29886
-0.189006 -1.30096
-0.186915 -1.30151
-0.1794 -1.30331
-0.176161 -1.30401
-0.170747 -1.30508
-0.162035 -1.30654
-0.159886 -1.30685
-0.153424 -1.30768
-0.149079 -1.30814
-0.143515 -1.30861
-0.134544 -1.30912
-0.132332 -1.30919
-0.125707 -1.3093
-0.121292 -1.30927
-0.115772 -1.30913
-0.106914 -1.30865
-0.104756 -1.30848
-0.0981795 -1.30786
-0.0938434 -1.30735
-0.0884217 -1.30661
-0.0796995 -1.30517
-0.0775085 -1.30475
-0.0709749 -1.3034
-0.0666484 -1.3024
-0.0612909 -1.30105
-0.0527507 -1.29864
-0.05064 -1.29799
-0.044346 -1.29594
-0.0401795 -1.29448
-0.0350293 -1.29256
-0.0268578 -1.28924
-0.0248767 -1.28838
-0.0187985 -1.28563
-0.0148126 -1.28372
-0.00989555 -1.28124
-0.00338604 -1.27777
-0.00266826 -1.27738
0.00379789 -1.27369
0.00660647 -1.27202
0.0113585 -1.26911
0.0187188 -1.26435
0.0205221 -1.26314
0.0259215 -1.25941
0.0295305 -1.25683
0.0339705 -1.25355
0.0392043 -1.24957
0.0404119 -1.24863
0.0453577 -1.24471
0.0488021 -1.2419
0.0528492 -1.23851
0.0575778 -1.23438
0.0595419 -1.2326
0.063383 -1.22901
0.0658266 -1.22665
0.0687755 -1.22371
0.0734051 -1.21888
0.0745768 -1.21762
0.0780743 -1.21376
0.0809666 -1.21047
0.0845603 -1.20632
0.0902442 -1.19958
0.0916463 -1.19788
0.0958457 -1.19273
0.0985856 -1.18931
0.101967 -1.18503
0.107344 -1.17807
0.108691 -1.17629
0.11269 -1.17095
0.114883 -1.16798
0.117119 -1.16496
0.119114 -1.16226
0.122367 -1.15781
0.127486 -1.15068
0.128773 -1.14885
0.132558 -1.14342
0.135064 -1.13977
0.138093 -1.1353
0.143015 -1.12789
0.144229 -1.12604
0.147834 -1.12046
0.150153 -1.11683
0.153099 -1.11216
0.157789 -1.10458
0.158877 -1.1028
0.162284 -1.09717
0.164561 -1.09336
0.167431 -1.0885
0.171901 -1.0808
0.172999 -1.07889
0.176281 -1.07311
0.178392 -1.06935
0.18107 -1.06453
0.18534 -1.05673
0.186373 -1.05482
0.189486 -1.04901
0.191227 -1.04574
0.192943 -1.04253
0.194035 -1.04049
0.195531 -1.03764
0.197932 -1.03286
0.198518 -1.03165
0.200277 -1.02794
0.201942 -1.02434
0.20419 -1.01944
0.207794 -1.01151
0.208674 -1.00956
0.211461 -1.00335
0.212989 -0.999924
0.214279 -0.99706
0.216416 -0.992273
0.217119 -0.990665
0.219739 -0.98463
0.221484 -0.980581
0.223657 -0.975511
0.227119 -0.967372
0.227968 -0.965364
0.230552 -0.959221
0.232251 -0.955158
0.234349 -0.950116
0.237732 -0.941926
0.238531 -0.939981
0.241032 -0.93387
0.242706 -0.929757
0.24479 -0.924614
0.248125 -0.916336
0.248913 -0.914369
0.251378 -0.908201
0.253019 -0.904076
0.255052 -0.898942
0.257101 -0.893746
0.259084 -0.888693
0.262326 -0.880393
0.263125 -0.878338
0.265488 -0.872243
0.267086 -0.868107
0.269076 -0.862938
0.272247 -0.854658
0.273018 -0.852637
0.275368 -0.846465
0.276942 -0.842317
0.278899 -0.837142
0.282029 -0.828826
0.282772 -0.826844
0.28509 -0.820655
0.286632 -0.816523
0.288521 -0.811452
0.290407 -0.806448
0.291266 -0.804209
0.293178 -0.799244
0.295465 -0.793377
0.295995 -0.792038
0.298283 -0.78628
0.299901 -0.782202
0.301887 -0.777177
0.304067 -0.771713
0.304526 -0.770574
0.305895 -0.767121
0.306751 -0.764896
0.307866 -0.761901
0.310713 -0.754089
0.311456 -0.752037
0.313613 -0.746056
0.314719 -0.742958
0.315711 -0.74011
0.317196 -0.735648
0.317698 -0.734091
0.319649 -0.728005
0.320975 -0.723869
0.322609 -0.71878
0.325376 -0.710191
0.326043 -0.708124
0.328107 -0.701753
0.329238 -0.698293
0.330264 -0.695226
0.332766 -0.687939
0.333481 -0.685874
0.335962 -0.678708
0.336795 -0.676289
0.337775 -0.673381
0.339109 -0.669245
0.339427 -0.668219
0.340424 -0.664912
0.341452 -0.661417
0.343017 -0.656096
0.345523 -0.647649
0.346149 -0.645552
0.348011 -0.63936
0.34926 -0.63524
0.350875 -0.629934
0.353547 -0.621226
0.354193 -0.619129
0.356105 -0.612956
0.357072 -0.609824
0.357881 -0.607145
0.359005 -0.603244
0.359278 -0.60226
0.36012 -0.599138
0.360984 -0.595847
0.362366 -0.590598
0.36465 -0.582068
0.365215 -0.579988
0.366912 -0.573818
0.367899 -0.5703
0.368837 -0.567058
0.370141 -0.562782
0.370901 -0.560389
0.372553 -0.555247
0.374744 -0.548639
0.374995 -0.547902
0.377401 -0.540903
0.378481 -0.537779
0.38029 -0.532562
0.383184 -0.524251
0.383911 -0.52217
0.386093 -0.515934
0.387553 -0.511773
0.389387 -0.506562
0.392333 -0.498226
0.393072 -0.496142
0.395277 -0.489936
0.396504 -0.486512
0.397616 -0.483472
0.40034 -0.476203
0.401106 -0.474177
0.403428 -0.468036
0.404724 -0.464629
0.405889 -0.461624
0.40759 -0.457401
0.408136 -0.456085
0.410452 -0.450545
0.411829 -0.447269
0.413017 -0.444487
0.414754 -0.440555
0.415389 -0.439152
0.417984 -0.433435
0.419809 -0.429406
0.422086 -0.424351
0.425692 -0.416285
0.426578 -0.414293
0.429263 -0.408226
0.431039 -0.404193
0.433254 -0.399141
0.436787 -0.391036
0.437658 -0.389032
0.440285 -0.382961
0.441738 -0.379603
0.443003 -0.376714
0.445049 -0.372019
0.445733 -0.370423
0.448288 -0.364418
0.449984 -0.360419
0.452088 -0.355449
0.455542 -0.347268
0.456405 -0.345221
0.458987 -0.339077
0.460701 -0.33499
0.46282 -0.329933
0.465345 -0.323975
0.465927 -0.322624
0.46885 -0.31587
0.470156 -0.312851
0.472277 -0.307939
0.474593 -0.302468
0.475258 -0.300864
0.477707 -0.294937
0.479386 -0.290868
0.481478 -0.285797
0.484883 -0.277548
0.485694 -0.275581
0.488271 -0.26934
0.489962 -0.265246
0.492499 -0.259108
0.494181 -0.25504
0.496291 -0.249944
0.499654 -0.24183
0.500497 -0.239801
0.50301 -0.233757
0.504735 -0.229612
0.506866 -0.2245
0.510286 -0.216311
0.511106 -0.214351
0.513694 -0.208177
0.515384 -0.204152
0.517548 -0.199011
0.520967 -0.190909
0.521799 -0.188942
0.524374 -0.182873
0.526103 -0.178807
0.528259 -0.173748
0.531755 -0.165573
0.532602 -0.163597
0.535235 -0.157469
0.536665 -0.154161
0.537977 -0.151187
0.541664 -0.142999
0.54211 -0.142017
0.545287 -0.135022
0.546654 -0.132018
0.548927 -0.127025
0.552597 -0.118984
0.553483 -0.117047
0.556267 -0.110971
0.558113 -0.106948
0.560441 -0.101883
0.564158 -0.0938215
0.565055 -0.0918802
0.567865 -0.0858127
0.569705 -0.081848
0.572017 -0.0768793
0.575747 -0.0688937
0.576692 -0.0668772
0.579515 -0.0608675
0.581396 -0.0568733
0.583751 -0.0518909
0.587547 -0.0438967
0.588477 -0.0419463
0.591332 -0.0359737
0.592917 -0.0326847
0.594347 -0.0297716
0.596217 -0.0260882
0.597073 -0.0244402
0.598795 -0.0210992
0.599771 -0.0191623
0.601045 -0.0165754
0.604541 -0.0093798
0.605505 -0.00739407
0.608409 -0.00143888
0.61035 0.00252072
0.612782 0.00745685
0.616612 0.0151797
0.617556 0.0170714
0.620503 0.0229559
0.622249 0.0264084
0.623799 0.0294157
0.62625 0.0341437
0.627051 0.0356995
0.630035 0.041494
0.632062 0.0454101
0.634603 0.0502911
0.638726 0.0581496
0.639744 0.0600774
0.642859 0.0659439
0.644937 0.0698302
0.64749 0.0745729
0.650063 0.0792551
0.651305 0.0814663
0.65453 0.0871524
0.656726 0.0909958
0.659354 0.0955769
0.662121 0.100438
0.662599 0.10129
0.66409 0.103994
0.665705 0.106964
0.668315 0.111745
0.672504 0.119327
0.673569 0.121236
0.676843 0.12705
0.679066 0.13095
0.681853 0.135784
0.68519 0.141422
0.686057 0.142851
0.68944 0.148362
0.691767 0.15211
0.694721 0.156824
0.699459 0.16428
0.700651 0.166135
0.704127 0.1715
0.705918 0.174247
0.707553 0.176768
0.711872 0.183413
0.713047 0.185206
0.716651 0.190644
0.719098 0.194286
0.722225 0.19888
0.727329 0.206228
0.728616 0.208052
0.732472 0.213444
0.735066 0.217013
0.738358 0.221473
0.743713 0.228561
0.745004 0.230238
0.749082 0.235456
0.751431 0.238397
0.754062 0.241603
0.759674 0.248209
0.761104 0.249855
0.76546 0.254777
0.767961 0.257531
0.770889 0.260663
0.775871 0.265758
0.777376 0.267245
0.782135 0.271839
0.784995 0.274514
0.788598 0.277771
0.796182 0.28428
0.796997 0.284954
0.80309 0.289839
0.805711 0.291853
0.810114 0.295116
0.817425 0.300215
0.819233 0.301418
0.825804 0.305602
0.828637 0.307318
0.833251 0.310005
0.838473 0.312891
0.839946 0.313676
0.845711 0.316628
0.849669 0.318547
0.854596 0.320818
0.86274 0.324293
0.864782 0.325111
0.871089 0.327509
0.875231 0.328979
0.880508 0.330734
0.889001 0.333288
0.891083 0.333865
0.897498 0.335521
0.901797 0.336529
0.907164 0.337677
0.91583 0.339272
0.917957 0.339616
0.924568 0.340564
0.928934 0.341092
0.934497 0.341652
0.943327 0.342284
0.945535 0.342393
0.952138 0.342603
0.956542 0.342645
0.962052 0.342589
0.970906 0.342245
0.973068 0.342113
0.980833 0.341483
0.984097 0.341146
0.989455 0.340498
0.994935 0.339713
0.995663 0.3396
0.996377 0.339486
0.996445 0.339475
0.996755 0.339425
1.00113 0.338676
1.00313 0.338307
1.0096 0.336997
1.01367 0.336082
1.019 0.334773
1.02758 0.332403
1.02974 0.331757
1.03728 0.329324
1.04044 0.328226
1.04542 0.326397
1.05063 0.324352
1.05132 0.324075
1.05213 0.323741
1.05217 0.323722
1.05217 0.323723
1.05222 0.323703
1.05275 0.323481
1.05643 0.321919
1.06007 0.320304
1.06512 0.317943
1.07299 0.313984
1.07493 0.312954
1.08083 0.309692
1.08467 0.307448
1.0895 0.304497
1.09695 0.299645
1.09874 0.298424
1.10418 0.294564
1.10772 0.291929
1.11208 0.28855
1.1189 0.282944
1.12057 0.281507
1.12545 0.277158
1.12864 0.274196
1.13258 0.270381
1.13881 0.264003
1.14034 0.262376
1.14479 0.257464
1.14717 0.254734
1.14918 0.25238
1.15044 0.250883
1.15067 0.250608
1.151 0.250218
1.1513 0.249869
1.15156 0.249565
1.15201 0.249037
1.15219 0.248834
1.15247 0.248512
1.15277 0.24816
1.15308 0.2478
1.15354 0.247281
1.15372 0.247076
1.15407 0.246676
1.1543 0.246413
1.15474 0.245922
1.15815 0.242009
1.15946 0.240481
1.16366 0.235407
1.1664 0.231976
1.16979 0.227592
1.17517 0.220275
1.17642 0.2185
1.18015 0.213091
1.18227 0.209887
1.18481 0.205909
1.188 0.200747
1.18894 0.199199
1.19225 0.193608
1.19444 0.189789
1.19711 0.18499
1.20126 0.177198
1.20222 0.175334
1.20514 0.169547
1.20709 0.16554
1.20946 0.160535
1.21318 0.152362
1.21403 0.150427
1.21664 0.144349
1.21803 0.140977
1.21955 0.137154
1.22186 0.13097
1.22256 0.129
1.22467 0.12294
1.22572 0.119842
1.2266 0.117265
1.22742 0.114883
1.22802 0.113156
1.22958 0.108664
1.23238 0.100321
1.23304 0.098279
1.23533 0.0910536
1.23628 0.0879403
1.23782 0.0827985
1.23936 0.0775429
1.24011 0.0749942
1.2419 0.0686834
1.24308 0.0644168
1.24447 0.0592464
1.24601 0.0534159
1.24645 0.0517181
1.24808 0.0453642
1.24914 0.041087
1.25043 0.0357508
1.25264 0.0261003
1.25287 0.0250738
1.25445 0.0177504
1.25498 0.0152228
1.25568 0.011888
1.25736 0.00377855
1.25779 0.00166299
1.25905 -0.00482326
1.25987 -0.00916214
1.26088 -0.0146895
1.26239 -0.0234119
1.26275 -0.0255921
1.26381 -0.0321384
1.26449 -0.0364877
1.2653 -0.0419157
1.26654 -0.0506418
1.26684 -0.0528183
1.26771 -0.0594117
1.26826 -0.0637704
1.26892 -0.0692329
1.26992 -0.0780009
1.27016 -0.0801928
1.27084 -0.086755
1.2712 -0.0904379
1.27152 -0.0940059
1.27216 -0.102392
1.27232 -0.104591
1.27277 -0.111171
1.27306 -0.115588
1.27339 -0.121092
1.27388 -0.129942
1.27399 -0.132149
1.27431 -0.138734
1.27447 -0.142373
1.27458 -0.145853
1.27476 -0.153037
1.27482 -0.155799
1.27492 -0.159636
1.27498 -0.161542
1.27509 -0.164133
1.27544 -0.17196
1.27553 -0.174138
1.27579 -0.180667
1.27594 -0.18505
1.27611 -0.190566
1.27635 -0.199465
1.2764 -0.201661
1.27654 -0.208282
1.27661 -0.212689
1.27669 -0.218218
1.27677 -0.227056
1.27679 -0.229269
1.27681 -0.235912
1.27681 -0.240346
1.2768 -0.245873
1.27674 -0.254643
1.27672 -0.256845
1.27663 -0.263459
1.27657 -0.267868
1.27647 -0.273397
1.27627 -0.282239
1.27622 -0.284452
1.27604 -0.291122
1.27591 -0.295513
1.27573 -0.30098
1.27544 -0.30803
1.2754 -0.308823
1.275 -0.316269
1.27481 -0.319553
1.2745 -0.324922
1.2742 -0.330576
1.27415 -0.331577
1.27404 -0.334505
1.27398 -0.336524
1.27393 -0.338881
1.27389 -0.342865
1.27389 -0.344306
1.27387 -0.350636
1.27385 -0.355048
1.27381 -0.360608
1.27369 -0.369375
1.27366 -0.371582
1.27353 -0.37827
1.27342 -0.382709
1.27328 -0.388223
1.273 -0.397118
1.27292 -0.39925
1.27267 -0.405918
1.27249 -0.410285
1.27224 -0.415895
1.27182 -0.424699
1.27171 -0.426876
1.27135 -0.433439
1.27114 -0.437056
1.27092 -0.440327
1.27054 -0.445861
1.27042 -0.447548
1.26998 -0.454068
1.26968 -0.458357
1.26928 -0.463795
1.26861 -0.472682
1.26843 -0.474875
1.2679 -0.48149
1.26752 -0.485936
1.26704 -0.491473
1.26625 -0.500307
1.26606 -0.502423
1.26544 -0.509003
1.26502 -0.513326
1.26448 -0.51881
1.26358 -0.527705
1.26335 -0.529846
1.26266 -0.536424
1.26218 -0.540849
1.26158 -0.546294
1.26058 -0.555131
1.26033 -0.557261
1.25956 -0.563844
1.25903 -0.568253
1.25837 -0.573716
1.25727 -0.582561
1.257 -0.584751
1.25616 -0.591296
1.2556 -0.595633
1.25488 -0.601094
1.2537 -0.609871
1.25341 -0.612009
1.25235 -0.619718
1.2519 -0.622935
1.25115 -0.628249
1.25033 -0.634201
1.25011 -0.635845
1.24925 -0.642303
1.24865 -0.646758
1.24792 -0.652089
1.2467 -0.660821
1.2464 -0.662914
1.24546 -0.669499
1.24481 -0.673898
1.24399 -0.679409
1.24265 -0.688226
1.24233 -0.690346
1.24131 -0.696892
1.24062 -0.701258
1.23974 -0.706705
1.23832 -0.715412
1.23797 -0.71756
1.23687 -0.724106
1.23613 -0.728476
1.23521 -0.733883
1.23369 -0.742574
1.23331 -0.744753
1.23198 -0.752197
1.23153 -0.754721
1.23102 -0.757655
1.23039 -0.761539
1.23025 -0.762494
1.22984 -0.765349
1.22959 -0.767217
1.2293 -0.769516
1.22887 -0.773303
1.22872 -0.774672
1.22806 -0.780815
1.22756 -0.785219
1.22693 -0.790651
1.22585 -0.799443
1.22557 -0.80157
1.22471 -0.808147
1.22411 -0.812527
1.22334 -0.817989
1.22204 -0.826818
1.2217 -0.829
1.22068 -0.835538
1.21998 -0.839908
1.21908 -0.845359
1.21759 -0.854049
1.21721 -0.856223
1.21604 -0.862734
1.21525 -0.867063
1.21423 -0.872471
1.21255 -0.881157
1.21212 -0.883342
1.21082 -0.889805
1.21007 -0.893418
1.20935 -0.896767
1.20814 -0.901926
1.20772 -0.90362
1.20618 -0.909793
1.20534 -0.913106
1.20459 -0.916181
1.20266 -0.924043
1.20214 -0.926171
1.20057 -0.932493
1.19949 -0.936758
1.19812 -0.942116
1.19586 -0.950799
1.1953 -0.95289
1.19358 -0.959313
1.19241 -0.963581
1.19095 -0.968867
1.18857 -0.977336
1.18796 -0.979488
1.18613 -0.985805
1.18489 -0.990044
1.18332 -0.995307
1.18138 -1.0016
1.18088 -1.00316
1.17888 -1.00929
1.17774 -1.01274
1.17664 -1.01594
1.1751 -1.02024
1.17419 -1.02266
1.17229 -1.02771
1.16972 -1.0343
1.16942 -1.03504
1.16661 -1.04198
1.16537 -1.04503
1.16332 -1.05001
1.16125 -1.05509
1.16088 -1.05601
1.15978 -1.05881
1.15859 -1.06188
1.15663 -1.06694
1.15339 -1.07511
1.15259 -1.0771
1.15013 -1.08314
1.14844 -1.08722
1.14625 -1.09244
1.14271 -1.10072
1.14182 -1.10275
1.13914 -1.10881
1.13732 -1.11286
1.13503 -1.11785
1.13126 -1.12587
1.13031 -1.12785
1.12692 -1.1348
1.12547 -1.13771
1.12299 -1.1426
1.11891 -1.15042
1.11786 -1.15238
1.11468 -1.15821
1.1125 -1.16212
1.10979 -1.16687
1.10524 -1.17456
1.10412 -1.17642
1.10062 -1.18205
1.09826 -1.18576
1.09523 -1.19038
1.09022 -1.19774
1.08896 -1.19955
1.08508 -1.20493
1.08244 -1.20849
1.07904 -1.21294
1.07351 -1.21983
1.07212 -1.22151
1.06781 -1.22653
1.0649 -1.2298
1.06113 -1.23387
1.05492 -1.24021
1.05333 -1.24176
1.0485 -1.24632
1.04518 -1.24931
1.04106 -1.25288
1.03334 -1.25917
1.0325 -1.25982
1.02628 -1.26449
1.02359 -1.26641
1.01906 -1.26954
1.01161 -1.27437
1.00977 -1.27551
1.00406 -1.27889
1.00021 -1.28106
0.995346 -1.28367
0.987407 -1.28765
0.985417 -1.2886
0.9794 -1.29132
0.975389 -1.29303
0.970236 -1.2951
0.961886 -1.29819
0.959833 -1.29889
0.953516 -1.30095
0.949288 -1.30222
0.94398 -1.3037
0.936454 -1.30559
0.933279 -1.30631
0.927901 -1.30744
0.919177 -1.309
0.917034 -1.30934
0.910397 -1.31026
0.905992 -1.31077
0.90068 -1.31128
0.895168 -1.31169
0.894452 -1.31173
0.893727 -1.31178
0.893631 -1.31178
0.893353 -1.3118
0.888879 -1.31201
0.886813 -1.31208
0.880406 -1.31218
0.876066 -1.31216
0.870496 -1.31203
0.861631 -1.31155
0.85943 -1.31139
0.852693 -1.31076
0.848261 -1.31024
0.842788 -1.30949
0.833987 -1.30803
0.831902 -1.30763
0.825371 -1.30628
0.821069 -1.30528
0.815941 -1.304
0.81024 -1.30243
0.808581 -1.30194
0.802399 -1.30003
0.798226 -1.29864
0.793069 -1.29681
0.784999 -1.29371
0.782967 -1.29288
0.776858 -1.29028
0.773047 -1.28856
0.768314 -1.28631
0.761124 -1.28267
0.759177 -1.28163
0.753421 -1.27847
0.75005 -1.27654
0.745828 -1.27402
0.738322 -1.26933
0.736517 -1.26816
0.731018 -1.2645
0.727381 -1.26201
0.722884 -1.25884
0.715746 -1.25361
0.714025 -1.25231
0.708804 -1.24829
0.705392 -1.2456
0.701107 -1.24213
0.694213 -1.23637
0.69257 -1.23496
0.686872 -1.22997
0.684941 -1.22825
0.682696 -1.22623
0.681086 -1.2248
0.680435 -1.22422
0.679133 -1.22308
0.678278 -1.22234
0.677137 -1.22136
0.672191 -1.2171
0.670579 -1.21569
0.665838 -1.21146
0.662589 -1.2085
0.658526 -1.20472
0.651918 -1.19839
0.650379 -1.19688
0.645644 -1.19216
0.642573 -1.18903
0.638727 -1.18505
0.631911 -1.17778
0.631195 -1.177
0.626101 -1.17139
0.624369 -1.16945
0.622123 -1.16692
0.61667 -1.16072
0.615218 -1.15904
0.610932 -1.15402
0.608132 -1.15068
0.604674 -1.1465
0.599052 -1.13955
0.597674 -1.13781
0.593547 -1.13256
0.59082 -1.12903
0.587485 -1.12465
0.582186 -1.11756
0.580896 -1.11581
0.576991 -1.11044
0.57444 -1.10688
0.571251 -1.10238
0.565593 -1.09424
0.564997 -1.09337
0.56066 -1.08698
0.558826 -1.08424
0.555785 -1.07965
0.55095 -1.07224
0.549757 -1.07039
0.546197 -1.06482
0.543829 -1.06106
0.540907 -1.05638
0.536274 -1.04886
0.535126 -1.04697
0.531201 -1.04045
0.529844 -1.03817
0.528139 -1.03524
0.525332 -1.03037
0.524445 -1.02884
0.52119 -1.02318
0.519023 -1.01937
0.516317 -1.01458
0.512036 -1.00691
0.510992 -1.00502
0.50728 -0.998252
0.505996 -0.995878
0.504435 -0.992939
0.501925 -0.988173
0.501125 -0.986664
0.498095 -0.980928
0.496046 -0.977023
0.493499 -0.972133
0.489454 -0.964286
0.488465 -0.962353
0.485088 -0.955708
0.48394 -0.953444
0.482582 -0.950791
0.480681 -0.947176
0.479954 -0.945819
0.47695 -0.940209
0.474905 -0.936362
0.472301 -0.931427
0.468218 -0.923604
0.467206 -0.921648
0.464197 -0.915794
0.462538 -0.912527
0.461056 -0.909544
0.45891 -0.905052
0.458365 -0.903881
0.456773 -0.900492
0.455897 -0.898663
0.454797 -0.89642
0.453047 -0.892961
0.452625 -0.892145
0.451366 -0.889757
0.450497 -0.888144
0.449245 -0.885863
0.445422 -0.878959
0.444358 -0.87703
0.441183 -0.871225
0.439095 -0.867366
0.436497 -0.862521
0.432401 -0.854789
0.431378 -0.852839
0.427888 -0.846138
0.42667 -0.843785
0.425249 -0.841065
0.423515 -0.837825
0.423101 -0.837069
0.421728 -0.8346
0.420861 -0.833074
0.419755 -0.83116
0.418044 -0.828274
0.417641 -0.827608
0.41638 -0.825552
0.415595 -0.824295
0.414598 -0.822722
0.412793 -0.819939
0.412374 -0.819303
0.411047 -0.817319
0.410245 -0.816139
0.409189 -0.814608
0.407617 -0.812373
0.40722 -0.811816
0.405898 -0.809983
0.404196 -0.807641
0.401095 -0.803336
0.395999 -0.7961
0.39475 -0.794293
0.391132 -0.788985
0.389191 -0.786077
0.387153 -0.782942
0.384332 -0.778425
0.382788 -0.775878
0.379999 -0.771206
0.376373 -0.764932
0.375961 -0.764198
0.372263 -0.757543
0.370708 -0.754707
0.368046 -0.749803
0.363826 -0.741909
0.362822 -0.740011
0.359742 -0.734129
0.357696 -0.73018
0.35523 -0.725375
0.35124 -0.717491
0.350283 -0.715582
0.347338 -0.709659
0.345371 -0.705663
0.342933 -0.700669
0.339048 -0.692619
0.338128 -0.690695
0.335305 -0.684752
0.33343 -0.68077
0.331095 -0.675779
0.327352 -0.667698
0.326453 -0.665743
0.323701 -0.659722
0.321868 -0.655681
0.319609 -0.650673
0.315978 -0.642557
0.315109 -0.6406
0.312437 -0.634558
0.310653 -0.630501
0.308511 -0.62561
0.306066 -0.62008
0.30538 -0.618549
0.302716 -0.612591
0.300922 -0.60856
0.29869 -0.603516
0.295148 -0.59546
0.294287 -0.593493
0.29173 -0.587624
0.290725 -0.585307
0.290506 -0.584801
0.290506 -0.584801
0.290504 -0.584796
0.290482 -0.584745
0.29045 -0.584672
0.290435 -0.584636
0.290459 -0.584692
0.290483 -0.584748
0.290487 -0.584758
0.290487 -0.584758
0.290487 -0.584758
0.290487 -0.584758
0.290487 -0.584758
0.290487 -0.584758
0.290487 -0.584758
0.290487 -0.584758
0.290487 -0.584758
0.290487 -0.584758
0.290487 -0.584758
0.290487 -0.584758
0.290487 -0.584758
0.290487 -0.584758
0.290487 -0.584758
0.290487 -0.584758
0.290487 -0.584758
0.290487 -0.584758
0.290487 -0.584758
0.290487 -0.584758
0.290487 -0.584758
0.290487 -0.584758
0.290487 -0.584758
0.290487 -0.584758
0.290487 -0.584758
0.290487 -0.584758
0.290487 -0.584758
0.290487 -0.584758
0.290487 -0.584758
0.290487 -0.584758
0.290487 -0.584758
0.290487 -0.584758
0.290487 -0.584758
0.290487 -0.584758
0.290487 -0.584758
0.290487 -0.584758
0.290487 -0.584758
0.290487 -0.584758
0.290487 -0.584758
0.290487 -0.584758
0.290487 -0.584758
0.290487 -0.584758
0.290487 -0.584758
0.290487 -0.584758
0.290487 -0.584758
0.290487 -0.584758
0.290487 -0.584758
0.290487 -0.584758
0.290487 -0.584758
0.290487 -0.584758
0.290487 -0.584758
0.290487 -0.584758
0.290487 -0.584758
0.290487 -0.584758
0.290487 -0.584758
0.290487 -0.584758
0.290487 -0.584758
0.290487 -0.584758
0.290487 -0.584758
0.290487 -0.584758
0.290487 -0.584758
0.290487 -0.584758
0.290487 -0.584758
0.290487 -0.584758
0.290487 -0.584758
0.290487 -0.584758
0.290487 -0.584758
0.290487 -0.584758
0.290487 -0.584758
0.290487 -0.584758
0.290487 -0.584758
0.290487 -0.584758
0.290487 -0.584758
0.290487 -0.584758
0.290487 -0.584758
0.290487 -0.584758
0.290487 -0.584758
0.290487 -0.584758
0.290487 -0.584758
0.290487 -0.584758
0.290487 -0.584758
0.290487 -0.584758
0.290487 -0.584758
0.290487 -0.584758
0.290487 -0.584758
0.290487 -0.584758
0.290487 -0.584758
0.290487 -0.584758
0.290487 -0.584758
0.290487 -0.584758
0.290487 -0.584758
0.290487 -0.584758
0.290487 -0.584758
0.290487 -0.584758
0.290487 -0.584758
0.290487 -0.584758
0.290487 -0.584758
0.290487 -0.584758
0.290487 -0.584758
0.290487 -0.584758
0.290487 -0.584758
0.290487 -0.584758
0.290487 -0.584758
0.290487 -0.584758
0.290487 -0.584758
0.290487 -0.584758
0.290487 -0.584758
0.290487 -0.584758
0.290487 -0.584758
0.290487 -0.584758
0.290487 -0.584758
0.290487 -0.584758
0.290487 -0.584758
0.290487 -0.584758
0.290487 -0.584758
0.290487 -0.584758
0.290487 -0.584758
0.290487 -0.584758
0.290487 -0.584758
0.290487 -0.584758
0.290487 -0.584758
0.290487 -0.584758
0.290487 -0.584758
0.290487 -0.584758
0.290487 -0.584758
0.290487 -0.584758
0.290487 -0.584758
0.290487 -0.584758
0.290487 -0.584758
0.290487 -0.584758
0.290487 -0.584758
0.290487 -0.584758
0.290487 -0.584758
0.290487 -0.584758
0.290487 -0.584758
0.290487 -0.584758
0.290487 -0.584758
0.290487 -0.584758
0.290487 -0.584758
0.290487 -0.584758
0.290487 -0.584758
0.290487 -0.584758
0.290487 -0.584758
0.290487 -0.584758
0.290487 -0.584758
0.290487 -0.584758
0.290487 -0.584758
0.290487 -0.584758
0.290487 -0.584758
0.290487 -0.584758
0.290487 -0.584758
0.290487 -0.584758
0.290487 -0.584758
0.290487 -0.584758
0.290487 -0.584758
0.290487 -0.584758
0.290487 -0.584758
0.290487 -0.584758
0.290487 -0.584758
0.290487 -0.584758
0.290487 -0.584758
0.290487 -0.584758
0.290487 -0.584758
0.290487 -0.584758
0.290487 -0.584758
0.290487 -0.584758
0.290487 -0.584758
0.290487 -0.584758
0.290487 -0.584758
0.290487 -0.584758
0.290487 -0.584758
0.290487 -0.584758
0.290487 -0.584758
0.290487 -0.584758
0.290487 -0.584758
0.290487 -0.584758
0.290487 -0.584758
0.290487 -0.584758
0.290487 -0.584758
0.290487 -0.584758
0.290487 -0.584758
0.290487 -0.584758
0.290487 -0.584758
0.290487 -0.584758
0.290487 -0.584758
0.290487 -0.584758
0.290487 -0.584758
0.290487 -0.584758
0.290487 -0.584758
0.290487 -0.584758
0.290487 -0.584758
0.290487 -0.584758
0.290487 -0.584758
0.290487 -0.584758
0.290487 -0.584758
0.290487 -0.584758
0.290487 -0.584758
0.290487 -0.584758
0.290487 -0.584758
0.290487 -0.584758
0.290487 -0.584758
0.290487 -0.584758
0.290487 -0.584758
0.290487 -0.584758
0.290487 -0.584758
0.290487 -0.584758
0.290487 -0.584758
0.290487 -0.584758
0.290487 -0.584758
0.290487 -0.584758
0.290487 -0.584758
0.290487 -0.584758
0.290487 -0.584758
0.290487 -0.584758
0.290487 -0.584758
0.290487 -0.584758
0.290487 -0.584758
0.290487 -0.584758
0.290487 -0.584758
0.290487 -0.584758
0.290487 -0.584758
0.290487 -0.584758
0.290487 -0.584758
0.290487 -0.584758
0.290487 -0.584758
0.290487 -0.584758
0.290487 -0.584758
0.290487 -0.584758
0.290487 -0.584758
0.290487 -0.584758
0.290487 -0.584758
0.290487 -0.584758
0.290487 -0.584758
0.290487 -0.584758
0.290487 -0.584758
0.290487 -0.584758
0.290487 -0.584758
0.290487 -0.584758
0.290487 -0.584758
0.290487 -0.584758
0.290487 -0.584758
0.290487 -0.584758
0.290487 -0.584758
0.290487 -0.584758
0.290487 -0.584758
0.290487 -0.584758
0.290487 -0.584758
0.290487 -0.584758
0.290487 -0.584758
0.290487 -0.584758
0.290487 -0.584758
0.290487 -0.584758
0.290487 -0.584758
0.290487 -0.584758
0.290487 -0.584758
0.290487 -0.584758
0.290487 -0.584758
0.290487 -0.584758
0.290487 -0.584758
0.290487 -0.584758
0.290487 -0.584758
0.290487 -0.584758
0.290487 -0.584758
0.290487 -0.584758
0.290487 -0.584758
0.290487 -0.584758
0.290487 -0.584758
0.290487 -0.584758
0.290487 -0.584758
0.290487 -0.584758
0.290487 -0.584758
0.290487 -0.584758
0.290487 -0.584758
0.290487 -0.584758
0.290487 -0.584758
0.290487 -0.584758
0.290487 -0.584758
0.290487 -0.584758
0.290487 -0.584758
0.290487 -0.584758
0.290487 -0.584758
0.290487 -0.584758
0.290487 -0.584758
0.290487 -0.584758
0.290487 -0.584758
0.290487 -0.584758
0.290487 -0.584758
0.290487 -0.584758
0.290487 -0.584758
0.290487 -0.584758
0.290487 -0.584758
0.290487 -0.584758
0.290487 -0.584758
0.290487 -0.584758
0.290487 -0.584758
0.290487 -0.584758
0.290487 -0.584758
0.290487 -0.584758
0.290486 -0.584755
0.290486 -0.584755
0.290486 -0.584755
0.290486 -0.584755
0.290485 -0.584753
0.290485 -0.584753
0.290485 -0.584753
0.290485 -0.584753
0.290485 -0.584753
0.290485 -0.584753
0.290485 -0.584753
0.290485 -0.584753
0.290485 -0.584753
0.290485 -0.584753
0.290485 -0.584753
0.290485 -0.584753
0.290485 -0.584753
0.290485 -0.584753
0.290485 -0.584753
0.290485 -0.584753
0.290485 -0.584753
0.290485 -0.584753
0.290485 -0.584753
0.290485 -0.584753
0.290485 -0.584753
0.290485 -0.584753
0.290485 -0.584753
0.290485 -0.584753
0.290485 -0.584753
0.290485 -0.584753
0.290485 -0.584753
0.290485 -0.584753
0.290485 -0.584753
0.290485 -0.584753
0.290485 -0.584753
0.290485 -0.584753
0.290485 -0.584753
0.290485 -0.584753
0.290485 -0.584753
0.290485 -0.584753
0.290485 -0.584753
0.290485 -0.584753
0.290485 -0.584753
0.290485 -0.584753
0.290485 -0.584753
0.290485 -0.584753
0.290485 -0.584753
0.290485 -0.584753
0.290485 -0.584753
0.290485 -0.584753
0.290485 -0.584753
0.290485 -0.584753
0.290485 -0.584753
0.290485 -0.584753
0.290485 -0.584753
0.290485 -0.584753
0.290485 -0.584753
0.290485 -0.584753
0.290485 -0.584753
0.290485 -0.584753
0.290485 -0.584753
0.290485 -0.584753
0.290485 -0.584753
0.290485 -0.584753
0.290485 -0.584753
0.290485 -0.584753
0.290485 -0.584753
0.290485 -0.584753
0.290485 -0.584753
0.290485 -0.584753
0.290485 -0.584753
0.290485 -0.584753
0.290485 -0.584753
0.290485 -0.584753
0.290485 -0.584753
