0.485495 -1.06739
0.485495 -1.06739
0.485495 -1.06739
0.485495 -1.06739
0.485495 -1.06739
0.485495 -1.06739
0.485495 -1.06739
0.485495 -1.06739
0.485495 -1.06739
0.485495 -1.06739
0.485495 -1.06739
0.485495 -1.06739
0.485495 -1.06739
0.485495 -1.06739
0.485495 -1.06739
0.485495 -1.06739
0.485495 -1.06739
0.485495 -1.06739
0.485495 -1.06739
0.485495 -1.06739
0.485495 -1.06739
0.485495 -1.06739
0.485495 -1.06739
0.485495 -1.06739
0.485495 -1.06739
0.485495 -1.06739
0.485495 -1.06739
0.485495 -1.06739
0.485495 -1.06739
0.485495 -1.06739
0.485495 -1.06739
0.485495 -1.06739
0.485495 -1.06739
0.485495 -1.06739
0.485495 -1.06739
0.485495 -1.06739
0.485495 -1.06739
0.485495 -1.06739
0.485495 -1.06739
0.485495 -1.06739
0.485495 -1.06739
0.485495 -1.06739
0.485495 -1.06739
0.485495 -1.06739
0.485495 -1.06739
0.485495 -1.06739
0.485495 -1.06739
0.485495 -1.06739
0.485495 -1.06739
0.485495 -1.06739
0.485495 -1.06739
0.485495 -1.06739
0.485495 -1.06739
0.485495 -1.06739
0.485495 -1.06739
0.485495 -1.06739
0.485495 -1.06739
0.485495 -1.06739
0.485495 -1.06739
0.485495 -1.06739
0.485495 -1.06739
0.485495 -1.06739
0.485495 -1.06739
0.485495 -1.06739
0.485495 -1.06739
0.485495 -1.06739
0.485495 -1.06739
0.485495 -1.06739
0.485495 -1.06739
0.485495 -1.06739
0.485495 -1.06739
0.485495 -1.06739
0.485495 -1.06739
0.485495 -1.06739
0.485495 -1.06739
0.485495 -1.06739
0.485495 -1.06739
0.485495 -1.06739
0.485495 -1.06739
0.485495 -1.06739
0.485495 -1.06739
0.485495 -1.06739
0.485495 -1.06739
0.485495 -1.06739
0.485495 -1.06739
0.485495 -1.06739
0.485495 -1.06739
0.485495 -1.06739
0.485495 -1.06739
0.485495 -1.06739
0.485495 -1.06739
0.485495 -1.06739
0.485495 -1.06739
0.485495 -1.06739
0.485495 -1.06739
0.485495 -1.06739
0.485495 -1.06739
0.485495 -1.06739
0.485495 -1.06739
0.485495 -1.06739
0.485495 -1.06739
0.485495 -1.06739
0.485495 -1.06739
0.485495 -1.06739
0.485495 -1.06739
0.485495 -1.06739
0.485495 -1.06739
0.485495 -1.06739
0.485495 -1.06739
0.485495 -1.06739
0.485495 -1.06739
0.485495 -1.06739
0.485495 -1.06739
0.485495 -1.06739
0.485495 -1.06739
0.485495 -1.06739
0.485495 -1.06739
0.485495 -1.06739
0.485495 -1.06739
0.485495 -1.06739
0.485495 -1.06739
0.485495 -1.06739
0.485495 -1.06739
0.485495 -1.06739
0.485495 -1.06739
0.485495 -1.06739
0.485495 -1.06739
0.485495 -1.06739
0.485495 -1.06739
0.485495 -1.06739
0.485495 -1.06739
0.485495 -1.06739
0.485495 -1.06739
0.485495 -1.06739
0.485495 -1.06739
0.485495 -1.06739
0.485495 -1.06739
0.485495 -1.06739
0.485495 -1.06739
0.485495 -1.06739
0.485495 -1.06739
0.485495 -1.06739
0.485495 -1.06739
0.485495 -1.06739
0.485495 -1.06739
0.485495 -1.06739
0.485495 -1.06739
0.485495 -1.06739
0.485495 -1.06739
0.485495 -1.06739
0.485495 -1.06739
0.485495 -1.06739
0.485495 -1.06739
0.485495 -1.06739
0.485495 -1.06739
0.485495 -1.06739
0.485495 -1.06739
0.485495 -1.06739
0.485495 -1.06739
0.485495 -1.06739
0.485495 -1.06739
0.485495 -1.06739
0.485495 -1.06739
0.485495 -1.06739
0.485495 -1.06739
0.485495 -1.06739
0.485495 -1.06739
0.485495 -1.06739
0.485495 -1.06739
0.485495 -1.06739
0.485495 -1.06739
0.485495 -1.06739
0.485495 -1.06739
0.485495 -1.06739
0.485495 -1.06739
0.485495 -1.06739
0.485495 -1.06739
0.485495 -1.06739
0.485495 -1.06739
0.485495 -1.06739
0.485495 -1.06739
0.485495 -1.06739
0.485495 -1.06739
0.485495 -1.06739
0.485495 -1.06739
0.485495 -1.06739
0.485495 -1.06727
0.485506 -1.06319
0.485522 -1.062
0.485576 -1.05941
0.485627 -1.05767
0.48582 -1.0531
0.486435 -1.04422
0.486638 -1.04201
0.487371 -1.03533
0.487965 -1.03084
0.48879 -1.02545
0.489794 -1.01975
0.489947 -1.01894
0.490175 -1.01776
0.490472 -1.01627
0.491267 -1.0125
0.493272 -1.00404
0.493778 -1.00209
0.49551 -0.995862
0.496493 -0.992579
0.497349 -0.989846
0.497746 -0.988614
0.49775 -0.988601
0.497829 -0.988359
0.498264 -0.987038
0.499459 -0.983533
0.5024 -0.975547
0.502993 -0.974031
0.504436 -0.970462
0.504962 -0.969198
0.505179 -0.968682
0.507098 -0.964257
0.507334 -0.96373
0.508331 -0.961531
0.50838 -0.961426
0.508394 -0.961396
0.508407 -0.961366
0.508407 -0.961366
0.508392 -0.961398
0.508388 -0.961408
0.508432 -0.961313
0.510147 -0.957668
0.510661 -0.956604
0.511751 -0.954391
0.51254 -0.952821
0.514712 -0.948638
0.51897 -0.940952
0.519916 -0.939328
0.521968 -0.935896
0.522655 -0.934774
0.522882 -0.934407
0.522934 -0.934323
0.522934 -0.934323
0.522972 -0.934262
0.523479 -0.933447
0.525212 -0.930713
0.526722 -0.928393
0.526793 -0.928285
0.526878 -0.928156
0.526913 -0.928103
0.526999 -0.927974
0.529289 -0.924573
0.529969 -0.923587
0.531224 -0.921791
0.5325 -0.919999
0.535234 -0.916269
0.540553 -0.909404
0.541676 -0.908016
0.544228 -0.904934
0.545037 -0.903978
0.545235 -0.903745
0.545346 -0.903615
0.54535 -0.90361
0.545465 -0.903476
0.546104 -0.90273
0.548505 -0.899984
0.554141 -0.893841
0.555397 -0.892526
0.558125 -0.889736
0.559149 -0.888711
0.559537 -0.888326
0.562481 -0.885456
0.563349 -0.884627
0.565245 -0.882844
0.566518 -0.881668
0.570062 -0.878478
0.576754 -0.872776
0.578383 -0.871447
0.583407 -0.867492
0.58615 -0.865418
0.588717 -0.86353
0.595122 -0.859034
0.596686 -0.857981
0.600825 -0.855275
0.603108 -0.853832
0.607693 -0.851036
0.612623 -0.848178
0.613321 -0.847785
0.614355 -0.847209
0.615418 -0.846623
0.618816 -0.844796
0.626351 -0.840978
0.627907 -0.840229
0.63153 -0.838537
0.632834 -0.837945
0.633118 -0.837817
0.633209 -0.837776
0.633249 -0.837758
0.6334 -0.83769
0.63456 -0.837175
0.638 -0.835687
0.644908 -0.832881
0.647852 -0.831757
0.654171 -0.829487
0.658366 -0.828085
0.663605 -0.826448
0.669312 -0.824807
0.670065 -0.824601
0.671342 -0.824258
0.672551 -0.82394
0.676195 -0.823021
0.684512 -0.821139
0.686296 -0.820774
0.690165 -0.820028
0.693567 -0.819425
0.699053 -0.818553
0.707986 -0.8174
0.710135 -0.817171
0.716751 -0.816584
0.720076 -0.816355
0.722779 -0.816203
0.724069 -0.81614
0.724091 -0.816139
0.724223 -0.816133
0.725643 -0.816072
0.72959 -0.815938
0.739013 -0.81585
0.739852 -0.815858
0.744512 -0.815955
0.747132 -0.816047
0.752519 -0.816323
0.758359 -0.816754
0.759132 -0.816822
0.760225 -0.816921
0.761874 -0.81708
0.765794 -0.817503
0.773305 -0.818489
0.776422 -0.818966
0.781532 -0.819834
0.791118 -0.821739
0.791941 -0.821919
0.796278 -0.822916
0.797099 -0.823114
0.79741 -0.82319
0.79756 -0.823227
0.79756 -0.823227
0.797668 -0.823253
0.798635 -0.823492
0.802098 -0.824383
0.810131 -0.826655
0.81187 -0.827185
0.815647 -0.828384
0.817241 -0.828908
0.818014 -0.829164
0.822374 -0.830646
0.823468 -0.831029
0.825448 -0.831737
0.827469 -0.832479
0.831812 -0.834138
0.839829 -0.837412
0.841502 -0.838131
0.846709 -0.84046
0.85016 -0.842083
0.854321 -0.844126
0.858329 -0.846187
0.85872 -0.846392
0.859064 -0.846574
0.859884 -0.847006
0.860877 -0.847525
0.86232 -0.848267
0.862423 -0.84832
0.862588 -0.848404
0.864495 -0.849377
0.868565 -0.851486
0.876319 -0.855694
0.877794 -0.856528
0.881519 -0.858691
0.883583 -0.859928
0.887547 -0.862379
0.891266 -0.864774
0.891649 -0.865026
0.891999 -0.865257
0.893814 -0.866459
0.897715 -0.86908
0.901503 -0.8717
0.90509 -0.874275
0.908494 -0.876809
0.911521 -0.879138
0.914168 -0.881236
0.915743 -0.882514
0.918952 -0.88518
0.925428 -0.890745
0.926639 -0.891808
0.928958 -0.893872
0.930898 -0.895626
0.934852 -0.89926
0.939788 -0.903973
0.940915 -0.905085
0.944311 -0.908519
0.946613 -0.910903
0.94871 -0.913083
0.950577 -0.915005
0.950873 -0.915306
0.951095 -0.915532
0.952003 -0.916459
0.954385 -0.918938
0.958628 -0.923528
0.959622 -0.924637
0.962583 -0.928019
0.965265 -0.931158
0.968751 -0.935297
0.972595 -0.9399
0.972987 -0.94037
0.973406 -0.940869
0.974116 -0.941721
0.976224 -0.944293
0.979764 -0.948776
0.980605 -0.949873
0.983259 -0.953415
0.985738 -0.956805
0.988774 -0.961019
0.990774 -0.963843
0.991349 -0.964666
0.993695 -0.9681
0.995264 -0.97047
0.997197 -0.973469
1.00001 -0.978011
1.00049 -0.978813
1.00121 -0.980017
1.00184 -0.981069
1.00304 -0.983057
1.00501 -0.986221
1.00536 -0.986775
1.00571 -0.987322
1.007 -0.989354
1.00981 -0.993781
1.0143 -1.00098
1.01527 -1.00254
1.01755 -1.00629
1.01908 -1.00886
1.02057 -1.01134
1.02248 -1.01445
1.02282 -1.01498
1.02342 -1.01594
1.02452 -1.01768
1.02719 -1.02194
1.03037 -1.02717
1.03088 -1.02802
1.03166 -1.02935
1.03224 -1.03034
1.03334 -1.0322
1.03708 -1.03845
1.03791 -1.03985
1.0391 -1.04186
1.04061 -1.04443
1.04387 -1.05007
1.04555 -1.05301
1.04715 -1.05589
1.0497 -1.06052
1.05001 -1.06107
1.05045 -1.06187
1.05143 -1.06364
1.05401 -1.0683
1.05694 -1.07373
1.05753 -1.07485
1.05924 -1.07819
1.06034 -1.08042
1.06175 -1.08334
1.0639 -1.088
1.06427 -1.08883
1.06475 -1.08991
1.06526 -1.09106
1.06626 -1.09328
1.06816 -1.09734
1.06831 -1.09765
1.06872 -1.0985
1.06914 -1.09937
1.07037 -1.10199
1.07118 -1.10375
1.07118 -1.10375
1.07122 -1.10383
1.07172 -1.10494
1.07288 -1.10758
1.07474 -1.11198
1.07506 -1.11276
1.07548 -1.11379
1.07591 -1.11485
1.07695 -1.11737
1.08031 -1.12534
1.08061 -1.12604
1.08147 -1.12808
1.08189 -1.12909
1.08295 -1.13168
1.08356 -1.1332
1.08356 -1.1332
1.08356 -1.1332
1.08356 -1.1332
1.08361 -1.13334
1.08639 -1.14038
1.08664 -1.14104
1.08745 -1.1431
1.08787 -1.14417
1.08886 -1.14678
1.0904 -1.151
1.09077 -1.15208
1.09187 -1.15529
1.09255 -1.15736
1.09333 -1.1598
1.09372 -1.16107
1.09372 -1.16108
1.09381 -1.16138
1.09411 -1.16235
1.09482 -1.16474
1.09613 -1.16919
1.09639 -1.17003
1.0968 -1.17136
1.0971 -1.17235
1.09777 -1.17461
1.09812 -1.17582
1.09813 -1.17585
1.09818 -1.176
1.09884 -1.1783
1.10063 -1.18454
1.10186 -1.18878
1.10335 -1.19391
1.10495 -1.19944
1.10512 -1.20005
1.10526 -1.20057
1.10527 -1.20058
1.10528 -1.20064
1.10628 -1.20412
1.10654 -1.20499
1.10697 -1.20641
1.10775 -1.20898
1.10935 -1.21423
1.11182 -1.22227
1.11226 -1.22372
1.11298 -1.22601
1.11332 -1.22713
1.11407 -1.22961
1.11516 -1.23342
1.11533 -1.23402
1.1155 -1.23466
1.11615 -1.23702
1.11755 -1.24215
1.11902 -1.24757
1.11916 -1.24811
1.11933 -1.24876
1.11996 -1.25118
1.12128 -1.25621
1.12271 -1.26172
1.12296 -1.26271
1.12367 -1.26559
1.12418 -1.26774
1.12496 -1.27091
1.12721 -1.27967
1.1274 -1.2804
1.12798 -1.28262
1.12799 -1.28265
1.12802 -1.28275
1.12898 -1.28625
1.12923 -1.28712
1.12967 -1.28864
1.12997 -1.28967
1.13064 -1.29205
1.13162 -1.29572
1.13176 -1.29625
1.13188 -1.29671
1.13189 -1.29675
1.13189 -1.29676
1.13189 -1.29676
1.13189 -1.29676
1.13191 -1.29684
1.13222 -1.29803
1.133 -1.30094
1.13511 -1.30857
1.13556 -1.31015
1.13628 -1.3127
1.13659 -1.31378
1.13721 -1.31602
1.13746 -1.31697
1.13747 -1.31699
1.1375 -1.31709
1.13779 -1.31819
1.13883 -1.3219
1.13995 -1.32578
1.14144 -1.33088
1.14234 -1.33391
1.14235 -1.33392
1.14239 -1.33406
1.14307 -1.33634
1.14453 -1.34122
1.14615 -1.34674
1.14647 -1.34782
1.14735 -1.35099
1.14823 -1.35425
1.14964 -1.35948
1.15113 -1.36502
1.15127 -1.36557
1.15138 -1.366
1.15169 -1.36717
1.15253 -1.37026
1.15475 -1.37817
1.15518 -1.37969
1.15588 -1.38209
1.15653 -1.38434
1.15805 -1.38953
1.15968 -1.39518
1.15995 -1.39614
1.16071 -1.3989
1.16126 -1.40094
1.16213 -1.40409
1.16458 -1.41269
1.16479 -1.41339
1.16549 -1.41577
1.16579 -1.41682
1.16647 -1.4192
1.16747 -1.42289
1.16763 -1.42349
1.16779 -1.42413
1.16839 -1.42645
1.17 -1.43265
1.17112 -1.43693
1.1725 -1.44214
1.174 -1.4478
1.17415 -1.44835
1.17437 -1.44922
1.17487 -1.45118
1.17617 -1.4562
1.17758 -1.46171
1.17771 -1.4622
1.17779 -1.46253
1.17779 -1.46254
1.1778 -1.4626
1.17871 -1.46612
1.17897 -1.46705
1.17944 -1.46879
1.18027 -1.47176
1.18175 -1.47706
1.18429 -1.48596
1.18448 -1.48662
1.18522 -1.48915
1.18524 -1.48922
1.18524 -1.48923
1.18526 -1.48929
1.18526 -1.48931
1.18533 -1.48952
1.18601 -1.49184
1.18751 -1.49695
1.19002 -1.50535
1.19049 -1.50691
1.19113 -1.50902
1.19143 -1.51003
1.19211 -1.5123
1.19337 -1.51656
1.19364 -1.51743
1.19414 -1.51904
1.195 -1.52181
1.19662 -1.52696
1.19827 -1.53216
1.19991 -1.53733
1.20174 -1.54311
1.20202 -1.54404
1.20288 -1.54688
1.20341 -1.54874
1.20404 -1.55096
1.20428 -1.55185
1.20428 -1.55187
1.20431 -1.55195
1.20462 -1.55309
1.20546 -1.55606
1.20696 -1.56104
1.20727 -1.56202
1.20786 -1.56385
1.20819 -1.56488
1.20888 -1.56709
1.20916 -1.568
1.20916 -1.568
1.20918 -1.56806
1.20953 -1.56921
1.21047 -1.57216
1.21322 -1.5806
1.21346 -1.5813
1.21419 -1.58351
1.21456 -1.58461
1.21529 -1.58685
1.21559 -1.58781
1.21559 -1.58781
1.21563 -1.58793
1.21634 -1.59017
1.21792 -1.59518
1.21962 -1.60061
1.21978 -1.60111
1.21992 -1.60157
1.21994 -1.60162
1.21994 -1.60162
1.21994 -1.60162
1.21994 -1.60162
1.21999 -1.60181
1.22072 -1.60419
1.22228 -1.60928
1.22505 -1.61817
1.22524 -1.61879
1.22603 -1.62128
1.22639 -1.6224
1.2271 -1.62468
1.22814 -1.62819
1.22829 -1.62873
1.22843 -1.62921
1.22908 -1.6315
1.2305 -1.63649
1.23204 -1.64192
1.23217 -1.64235
1.23227 -1.64272
1.23261 -1.64393
1.23355 -1.64713
1.23626 -1.65603
1.23645 -1.65667
1.23719 -1.65902
1.23749 -1.65997
1.23811 -1.66198
1.23947 -1.66633
1.23977 -1.66728
1.24033 -1.669
1.24126 -1.67184
1.24327 -1.67792
1.24466 -1.68206
1.24638 -1.68716
1.24832 -1.69294
1.24849 -1.69345
1.24861 -1.69382
1.24899 -1.69494
1.25006 -1.69807
1.25278 -1.70578
1.25335 -1.70738
1.25412 -1.70951
1.25448 -1.71052
1.25528 -1.71278
1.25607 -1.7151
1.25673 -1.71709
1.25697 -1.71784
1.25728 -1.71878
1.2579 -1.72076
1.25811 -1.72145
1.25811 -1.72145
1.25816 -1.72162
1.25888 -1.72396
1.26041 -1.72891
1.26297 -1.73702
1.26343 -1.73846
1.26406 -1.74039
1.26461 -1.74204
1.26573 -1.74528
1.26845 -1.75294
1.269 -1.75446
1.26986 -1.75683
1.27023 -1.75784
1.27103 -1.76005
1.27224 -1.76358
1.27253 -1.76444
1.27337 -1.767
1.27399 -1.76892
1.275 -1.77197
1.27679 -1.7771
1.27716 -1.77812
1.27781 -1.77988
1.27884 -1.78265
1.28075 -1.7877
1.28281 -1.79323
1.28313 -1.79409
1.28405 -1.79663
1.2847 -1.79845
1.28575 -1.80135
1.28765 -1.80633
1.28806 -1.80736
1.28884 -1.80927
1.29002 -1.81218
1.29255 -1.81831
1.29424 -1.82239
1.29633 -1.82741
1.2986 -1.83287
1.29882 -1.83343
1.29915 -1.83423
1.2999 -1.83608
1.30188 -1.84097
1.30406 -1.84638
1.30426 -1.8469
1.30442 -1.84729
1.30485 -1.84837
1.30636 -1.85208
1.30792 -1.85579
1.30994 -1.86059
1.31225 -1.86608
1.31249 -1.86666
1.31265 -1.86705
1.31307 -1.86806
1.31431 -1.87097
1.31797 -1.87932
1.31827 -1.87999
1.31922 -1.88213
1.31963 -1.88303
1.32054 -1.88512
1.32103 -1.88625
1.32143 -1.88718
1.32378 -1.89265
1.32513 -1.89576
1.32649 -1.8988
1.33013 -1.90676
1.33042 -1.9074
1.33151 -1.90974
1.33197 -1.91073
1.33289 -1.91274
1.33324 -1.91352
1.33325 -1.91353
1.33344 -1.91396
1.33426 -1.9158
1.33643 -1.92063
1.33882 -1.92598
1.33903 -1.92645
1.33921 -1.92686
1.34016 -1.92902
1.34224 -1.93374
1.34454 -1.93895
1.34475 -1.93943
1.34494 -1.93987
1.34542 -1.94097
1.34678 -1.944
1.35027 -1.95158
1.35094 -1.95303
1.3519 -1.95506
1.35314 -1.95766
1.35539 -1.96238
1.35973 -1.97136
1.3602 -1.97232
1.36372 -1.97947
1.36492 -1.9819
1.36638 -1.98485
1.36863 -1.98934
1.36912 -1.9903
1.36999 -1.99198
1.37047 -1.9929
1.37144 -1.9948
1.37179 -1.9955
1.37179 -1.9955
1.37186 -1.99565
1.37293 -1.99778
1.37559 -2.0031
1.37762 -2.0071
1.38011 -2.01197
1.38321 -2.01787
1.38374 -2.01885
1.38467 -2.02055
1.38611 -2.02314
1.38872 -2.02784
1.39152 -2.03288
1.39176 -2.03332
1.39194 -2.03364
1.39252 -2.03469
1.39409 -2.03748
1.39856 -2.04522
1.39891 -2.04582
1.4001 -2.04785
1.40067 -2.04883
1.40173 -2.05065
1.40207 -2.05123
1.40207 -2.05123
1.40215 -2.05137
1.40332 -2.05344
1.40589 -2.05791
1.40959 -2.06428
1.41099 -2.06667
1.41291 -2.06995
1.41755 -2.07783
1.4181 -2.07875
1.42198 -2.08524
1.42329 -2.0874
1.42482 -2.08993
1.42628 -2.0924
1.42645 -2.09269
1.42653 -2.09283
1.42714 -2.09386
1.42896 -2.0969
1.43342 -2.10411
1.43424 -2.10541
1.43545 -2.10731
1.43709 -2.10987
1.44003 -2.11438
1.44494 -2.12175
1.44606 -2.1234
1.44847 -2.12695
1.44982 -2.12892
1.4526 -2.13286
1.45514 -2.13638
1.45827 -2.14064
1.46164 -2.14518
1.4625 -2.14634
1.46607 -2.15108
1.46807 -2.15366
1.47052 -2.15676
1.47512 -2.16231
1.47614 -2.1635
1.47863 -2.16635
1.48025 -2.16816
1.48382 -2.17209
1.48779 -2.17634
1.48824 -2.17682
1.48869 -2.1773
1.4887 -2.1773
1.48872 -2.17733
1.4888 -2.17742
1.4888 -2.17742
1.48875 -2.17736
1.48872 -2.17733
1.48882 -2.17744
1.49175 -2.18059
1.49304 -2.18202
1.498 -2.18771
1.50011 -2.19025
1.5036 -2.1946
1.50899 -2.20172
1.51032 -2.20355
1.51412 -2.209
1.51599 -2.21182
1.51747 -2.21408
1.51804 -2.21498
1.51804 -2.21498
1.51813 -2.21512
1.51884 -2.21625
1.52082 -2.21946
1.52458 -2.22589
1.52618 -2.22875
1.52878 -2.23361
1.53276 -2.24161
1.53372 -2.24364
1.53686 -2.25067
1.53798 -2.25333
1.5398 -2.25785
1.54289 -2.26616
1.54361 -2.26825
1.54563 -2.27443
1.54663 -2.27768
1.54755 -2.28087
1.54967 -2.28884
1.55018 -2.29094
1.55159 -2.29719
1.55228 -2.30057
1.55281 -2.30332
1.55302 -2.30446
1.55302 -2.30448
1.55305 -2.30464
1.55305 -2.30465
1.55305 -2.30462
1.55302 -2.30448
1.55302 -2.30448
1.55305 -2.30465
1.55323 -2.30562
1.55373 -2.30858
1.55417 -2.31134
1.55418 -2.31147
1.55421 -2.31161
1.55421 -2.31161
1.55421 -2.31161
1.55423 -2.31176
1.55431 -2.31227
1.55483 -2.31598
1.55535 -2.32018
1.5559 -2.32535
1.55658 -2.33421
1.5567 -2.33641
1.55694 -2.34294
1.55701 -2.34643
1.55702 -2.34924
1.55701 -2.35045
1.55701 -2.35051
1.55701 -2.35092
1.557 -2.35197
1.55693 -2.35551
1.55657 -2.36394
1.55646 -2.36564
1.55616 -2.36967
1.55603 -2.37118
1.55594 -2.37221
1.5554 -2.37765
1.55518 -2.37962
1.55441 -2.3856
1.55392 -2.38899
1.55345 -2.39201
1.55317 -2.39372
1.55317 -2.39376
1.55312 -2.39404
1.55283 -2.39585
1.55212 -2.40001
1.55049 -2.40856
1.55013 -2.41029
1.5489 -2.41581
1.54805 -2.41936
1.54727 -2.42249
1.5467 -2.42483
1.54665 -2.42501
1.5466 -2.42524
1.54608 -2.42736
1.54491 -2.43198
1.54293 -2.43941
1.54206 -2.44253
1.54059 -2.44758
1.53801 -2.45598
1.5375 -2.45758
1.53657 -2.46042
1.53542 -2.46379
1.53365 -2.46888
1.53136 -2.47513
1.53067 -2.47694
1.52827 -2.48307
1.52665 -2.48711
1.52419 -2.49313
1.52251 -2.49712
1.52037 -2.50215
1.51777 -2.50802
1.51733 -2.50898
1.51666 -2.51042
1.51664 -2.51047
1.51657 -2.51062
1.51531 -2.51334
1.5148 -2.51447
1.51235 -2.51983
1.51055 -2.52373
1.5084 -2.52833
1.50509 -2.53531
1.50359 -2.53842
1.50056 -2.54466
1.49858 -2.54868
1.49617 -2.55353
1.49369 -2.55839
1.49275 -2.56018
1.49083 -2.56374
1.48896 -2.56713
1.48634 -2.57181
1.48342 -2.57692
1.48281 -2.57797
1.48104 -2.58094
1.48035 -2.58207
1.48018 -2.58234
1.48003 -2.58259
1.4795 -2.58344
1.47635 -2.58855
1.47461 -2.59138
1.47311 -2.59386
1.47084 -2.59771
1.47008 -2.59902
1.46651 -2.60523
1.46491 -2.60799
1.46216 -2.61275
1.45893 -2.61823
1.45851 -2.61893
1.45791 -2.61992
1.45652 -2.6222
1.45369 -2.62682
1.45064 -2.63172
1.45024 -2.63235
1.44977 -2.63308
1.44912 -2.63411
1.44766 -2.63645
1.4454 -2.64019
1.44497 -2.6409
1.4444 -2.64187
1.44316 -2.644
1.43997 -2.64945
1.43778 -2.65317
1.43503 -2.65785
1.43172 -2.66338
1.43088 -2.66476
1.42762 -2.67011
1.42635 -2.67218
1.42609 -2.67261
1.42588 -2.67296
1.42537 -2.67379
1.42223 -2.6789
1.41995 -2.68261
1.41706 -2.68733
1.41201 -2.69555
1.41161 -2.69619
1.41036 -2.69823
1.40927 -2.70001
1.40654 -2.70445
1.40495 -2.70704
1.40494 -2.70706
1.40482 -2.70726
1.40347 -2.70944
1.40064 -2.71405
1.39564 -2.72221
1.39525 -2.72285
1.39401 -2.72486
1.39344 -2.72579
1.39208 -2.72796
1.39121 -2.72934
1.39065 -2.73021
1.38738 -2.7353
1.38552 -2.7382
1.38381 -2.74092
1.37961 -2.74772
1.37875 -2.74912
1.37763 -2.75094
1.37709 -2.75182
1.37574 -2.75398
1.37504 -2.75508
1.37504 -2.75508
1.37501 -2.75513
1.37439 -2.75611
1.3728 -2.75864
1.36856 -2.76553
1.36743 -2.76739
1.36395 -2.77307
1.36167 -2.77682
1.35884 -2.78145
1.35581 -2.78636
1.35547 -2.78692
1.35504 -2.78759
1.35375 -2.78964
1.35091 -2.79413
1.34779 -2.79902
1.34721 -2.79992
1.34547 -2.80256
1.34416 -2.80451
1.34237 -2.80722
1.33798 -2.814
1.33713 -2.81532
1.3361 -2.81693
1.3346 -2.81928
1.33168 -2.82385
1.32635 -2.83225
1.32578 -2.83315
1.32171 -2.8396
1.32003 -2.84229
1.31722 -2.84677
1.31379 -2.8522
1.31292 -2.85356
1.30952 -2.85886
1.30767 -2.86177
1.30595 -2.86453
1.30167 -2.87149
1.30086 -2.87283
1.29965 -2.87483
1.29859 -2.87658
1.29591 -2.88101
1.29422 -2.88382
1.29369 -2.8847
1.29052 -2.88998
1.28829 -2.8937
1.28558 -2.89823
1.28237 -2.90353
1.28155 -2.90487
1.27827 -2.91021
1.27597 -2.91396
1.27321 -2.91847
1.27001 -2.92381
1.26918 -2.92521
1.26534 -2.93177
1.26394 -2.93416
1.26227 -2.93698
1.25981 -2.94114
1.25935 -2.94192
1.25859 -2.94323
1.25762 -2.94493
1.25504 -2.9494
1.25207 -2.95463
1.25135 -2.95592
1.24826 -2.96147
1.24613 -2.96531
1.24342 -2.9702
1.23913 -2.97793
1.23837 -2.9793
1.2374 -2.98105
1.23615 -2.98331
1.23353 -2.98804
1.23061 -2.99322
1.23005 -2.99419
1.22838 -2.99705
1.22714 -2.99913
1.22559 -3.00177
1.22333 -3.00575
1.22291 -3.0065
1.22234 -3.00755
1.22115 -3.00972
1.21854 -3.01447
1.21561 -3.01975
1.21483 -3.02113
1.21175 -3.02655
1.21016 -3.02936
1.20866 -3.03205
1.2043 -3.04
1.20391 -3.0407
1.20292 -3.04253
1.20292 -3.04253
1.20288 -3.0426
1.20126 -3.04562
1.20087 -3.04635
1.2002 -3.04765
1.19925 -3.04948
1.1968 -3.05417
1.19405 -3.05937
1.1935 -3.06039
1.19182 -3.06341
1.19071 -3.06538
1.18938 -3.06766
1.18852 -3.0691
1.18849 -3.06916
1.18844 -3.06924
1.18785 -3.07024
1.18638 -3.07275
1.18244 -3.07961
1.18168 -3.08094
1.18077 -3.08254
1.17952 -3.08474
1.17631 -3.09037
1.17414 -3.09417
1.17142 -3.09892
1.1684 -3.10414
1.16783 -3.10512
1.16611 -3.10797
1.16484 -3.11003
1.16327 -3.11263
1.16092 -3.11666
1.16046 -3.11748
1.15971 -3.11879
1.1592 -3.1197
1.15794 -3.12189
1.15733 -3.12294
1.15733 -3.12294
1.15729 -3.123
1.15669 -3.12403
1.1553 -3.12645
1.15314 -3.13034
1.15275 -3.13107
1.15217 -3.13214
1.15092 -3.13449
1.14836 -3.13925
1.14436 -3.14668
1.14361 -3.14806
1.14255 -3.15001
1.14114 -3.1526
1.13849 -3.15743
1.13423 -3.16515
1.13316 -3.16708
1.12995 -3.17286
1.12781 -3.17671
1.12512 -3.18151
1.12083 -3.18915
1.11993 -3.19075
1.11783 -3.19441
1.116 -3.19754
1.11331 -3.20215
1.11178 -3.20474
1.11178 -3.20474
1.11173 -3.20483
1.11111 -3.20589
1.10982 -3.20814
1.10779 -3.21178
1.10714 -3.21297
1.10368 -3.21932
1.10235 -3.22175
1.10073 -3.22464
1.09988 -3.22614
1.09986 -3.22617
1.09979 -3.22629
1.09923 -3.22728
1.09795 -3.22956
1.09386 -3.23691
1.09351 -3.23755
1.09242 -3.2395
1.09181 -3.24059
1.09036 -3.24311
1.08917 -3.24514
1.08855 -3.24619
1.0854 -3.25148
1.08364 -3.25444
1.08213 -3.257
1.08002 -3.26069
1.07932 -3.26194
1.07627 -3.2674
1.07413 -3.27123
1.07137 -3.27613
1.06763 -3.28269
1.06626 -3.28508
1.06413 -3.28869
1.06274 -3.29097
1.06106 -3.29368
1.06011 -3.29517
1.05965 -3.29589
1.05739 -3.29934
1.05639 -3.30082
1.05473 -3.30324
1.05038 -3.30946
1.04945 -3.31079
1.04825 -3.31249
1.04757 -3.31345
1.04607 -3.31554
1.0431 -3.31965
1.0421 -3.32104
1.03835 -3.32631
1.03584 -3.32984
1.03267 -3.33429
1.02698 -3.34226
1.02656 -3.34284
1.02514 -3.34481
1.0244 -3.34583
1.02264 -3.34822
1.01979 -3.35195
1.0193 -3.35257
1.01869 -3.35335
1.01797 -3.35426
1.01624 -3.3565
1.01141 -3.36282
1.01008 -3.36458
1.00606 -3.36985
1.00343 -3.3733
1.00023 -3.37748
0.996648 -3.38211
0.996156 -3.38273
0.995541 -3.38351
0.994814 -3.38442
0.993271 -3.3864
0.988665 -3.39235
0.987677 -3.39362
0.986392 -3.39527
0.984604 -3.39755
0.981278 -3.40176
0.977445 -3.40652
0.976342 -3.40786
0.972261 -3.41278
0.970044 -3.41546
0.968159 -3.41775
0.965763 -3.42073
0.965351 -3.42125
0.964922 -3.4218
0.964222 -3.4227
0.96279 -3.42456
0.95776 -3.43116
0.957305 -3.43175
0.955678 -3.43387
0.954279 -3.43568
0.951088 -3.43977
0.948927 -3.44249
0.948863 -3.44257
0.948813 -3.44263
0.948104 -3.44352
0.946973 -3.44495
0.945192 -3.44724
0.94453 -3.44811
0.940522 -3.45329
0.938836 -3.45543
0.936379 -3.45848
0.932503 -3.46312
0.931568 -3.4642
0.928729 -3.46742
0.927461 -3.46882
0.926817 -3.46953
0.926813 -3.46953
0.926813 -3.46953
0.92675 -3.4696
0.925918 -3.47051
0.924461 -3.47212
0.922247 -3.47463
0.921861 -3.47508
0.921536 -3.47545
0.920132 -3.47708
0.91691 -3.48076
0.911179 -3.48712
0.910003 -3.48839
0.906617 -3.49196
0.904224 -3.49443
0.902134 -3.49657
0.901638 -3.49707
0.900896 -3.49783
0.897028 -3.50175
0.894755 -3.50402
0.892773 -3.50601
0.887484 -3.51125
0.885914 -3.51279
0.880208 -3.51827
0.877771 -3.52055
0.873833 -3.52414
0.868283 -3.52899
0.866644 -3.53037
0.861564 -3.53454
0.85931 -3.53634
0.857657 -3.53764
0.855936 -3.53898
0.855756 -3.53913
0.855576 -3.53927
0.853946 -3.54055
0.850211 -3.54344
0.84414 -3.54797
0.84163 -3.54976
0.836354 -3.55339
0.832819 -3.55571
0.828228 -3.55861
0.82117 -3.5628
0.819277 -3.56387
0.813609 -3.567
0.810483 -3.56866
0.807869 -3.57002
0.807364 -3.57029
0.807379 -3.57028
0.807536 -3.5702
0.807548 -3.57019
0.807548 -3.57019
0.807563 -3.57018
0.807568 -3.57018
0.807474 -3.57023
0.806292 -3.57084
0.802987 -3.5725
0.79626 -3.57569
0.793233 -3.57704
0.786965 -3.5797
0.782801 -3.58136
0.777814 -3.58323
0.772595 -3.58506
0.771892 -3.58529
0.77107 -3.58557
0.771036 -3.58558
0.770852 -3.58564
0.769425 -3.5861
0.765492 -3.58734
0.75762 -3.5896
0.755836 -3.59008
0.751915 -3.59107
0.750458 -3.59142
0.75012 -3.5915
0.749789 -3.59158
0.749295 -3.5917
0.745788 -3.59249
0.741769 -3.59333
0.735532 -3.59451
0.731416 -3.59521
0.725834 -3.59607
0.716791 -3.59723
0.714543 -3.59747
0.707957 -3.59805
0.704633 -3.59827
0.701465 -3.59844
0.693952 -3.59869
0.691844 -3.59872
0.685362 -3.5987
0.681902 -3.59861
0.678844 -3.5985
0.671241 -3.59806
0.669133 -3.5979
0.662507 -3.59727
0.657959 -3.59675
0.652231 -3.596
0.64232 -3.59443
0.641231 -3.59423
0.633619 -3.59271
0.630379 -3.59199
0.625119 -3.59071
0.619321 -3.58917
0.617664 -3.5887
0.611582 -3.58688
0.608306 -3.58583
0.605512 -3.58489
0.598417 -3.58234
0.596478 -3.5816
0.590425 -3.57918
0.58629 -3.57741
0.581095 -3.57507
0.573069 -3.57117
0.571203 -3.57021
0.565589 -3.56721
0.562409 -3.56543
0.55957 -3.56381
0.55305 -3.55989
0.55124 -3.55876
0.544774 -3.55452
0.542095 -3.55269
0.537816 -3.54965
0.533205 -3.54623
0.531713 -3.5451
0.526628 -3.54111
0.524348 -3.53926
0.522595 -3.5378
0.521006 -3.53648
0.52035 -3.53593
0.516702 -3.53286
0.51337 -3.52999
0.509348 -3.52644
0.503902 -3.5214
0.502373 -3.51994
0.497868 -3.51551
0.495326 -3.51293
0.493016 -3.51055
0.491399 -3.50888
0.490785 -3.50824
0.487367 -3.50467
0.484392 -3.50149
0.480792 -3.49754
0.476046 -3.4921
0.474916 -3.49076
0.471784 -3.48693
0.470311 -3.48508
0.469192 -3.48365
0.467549 -3.48155
0.466865 -3.48068
0.463464 -3.47632
0.460806 -3.47286
0.457462 -3.46841
0.452348 -3.46137
0.451114 -3.45963
0.447418 -3.45428
0.444915 -3.45057
0.44183 -3.44587
0.437065 -3.43839
0.435891 -3.4365
0.432482 -3.43092
0.430729 -3.428
0.429257 -3.42554
0.427721 -3.423
0.427083 -3.42196
0.424289 -3.41736
0.422673 -3.41467
0.421286 -3.41235
0.417608 -3.40613
0.416552 -3.4043
0.412798 -3.39767
0.411126 -3.39463
0.408474 -3.3897
0.405278 -3.3835
0.404374 -3.38168
0.401489 -3.37576
0.399371 -3.37136
0.39841 -3.36934
0.395246 -3.36257
0.393889 -3.35961
0.391176 -3.35357
0.389408 -3.34954
0.387271 -3.34459
0.384855 -3.33874
0.384295 -3.33734
0.382679 -3.33312
0.381929 -3.33108
0.38146 -3.32978
0.380493 -3.32712
0.380043 -3.3259
0.378032 -3.32041
0.376528 -3.31623
0.374365 -3.31007
0.37291 -3.30583
0.371247 -3.30088
0.369335 -3.29493
0.36878 -3.29313
0.366858 -3.28677
0.365877 -3.28342
0.364939 -3.28008
0.363557 -3.2748
0.363146 -3.27315
0.361593 -3.26679
0.36056 -3.26248
0.359302 -3.25716
0.357061 -3.24739
0.35683 -3.24636
0.355212 -3.23899
0.354539 -3.23585
0.353437 -3.23061
0.352177 -3.22427
0.351848 -3.22252
0.350657 -3.21602
0.349893 -3.21175
0.348948 -3.20638
0.347915 -3.20058
0.347787 -3.19988
0.347574 -3.19873
0.347221 -3.19682
0.346288 -3.19174
0.345226 -3.18562
0.344944 -3.18389
0.343937 -3.1775
0.343287 -3.17322
0.342481 -3.16778
0.341045 -3.15766
0.340894 -3.15657
0.339868 -3.14896
0.339519 -3.14633
0.339101 -3.14325
0.338563 -3.13955
0.338352 -3.13817
0.337457 -3.1323
0.336952 -3.12896
0.336491 -3.12597
0.335291 -3.11829
0.335039 -3.11666
0.334641 -3.11403
0.334304 -3.11175
0.333548 -3.10652
0.333075 -3.10314
0.332912 -3.10194
0.332101 -3.09582
0.331657 -3.09237
0.331186 -3.08875
0.330713 -3.08514
0.330032 -3.07976
0.329291 -3.07329
0.329096 -3.0714
0.328455 -3.0649
0.328143 -3.06147
0.327883 -3.05825
0.327701 -3.05562
0.327621 -3.05437
0.327239 -3.04806
0.327036 -3.04463
0.326842 -3.04156
0.326258 -3.03267
0.326188 -3.03158
0.325727 -3.02421
0.325579 -3.02176
0.325399 -3.01892
0.325144 -3.01537
0.325036 -3.01401
0.324573 -3.00798
0.324263 -3.00368
0.323904 -2.99832
0.323308 -2.98816
0.32325 -2.98707
0.322875 -2.9794
0.322756 -2.97675
0.322609 -2.97362
0.322409 -2.97004
0.322325 -2.96871
0.321886 -2.9616
0.321696 -2.9583
0.321409 -2.95288
0.321157 -2.9466
0.321105 -2.94479
0.320964 -2.93862
0.3209 -2.93509
0.32084 -2.93196
0.320742 -2.92837
0.320697 -2.92703
0.320507 -2.92106
0.320391 -2.91666
0.320279 -2.91119
0.320172 -2.90252
0.320157 -2.9003
0.320146 -2.89369
0.320169 -2.89021
0.32023 -2.88674
0.320424 -2.88122
0.320507 -2.87948
0.320839 -2.87305
0.321023 -2.86961
0.321162 -2.86681
0.32122 -2.86548
0.32126 -2.86454
0.32153 -2.85855
0.32175 -2.85414
0.322054 -2.84865
0.32261 -2.83977
0.322755 -2.83765
0.323315 -2.82995
0.323567 -2.82671
0.324003 -2.82138
0.324593 -2.81506
0.324783 -2.81324
0.32547 -2.80691
0.325747 -2.80446
0.325818 -2.80384
0.325857 -2.80351
0.325974 -2.80251
0.326671 -2.79662
0.327066 -2.79329
0.32738 -2.79054
0.327744 -2.78703
0.327863 -2.7858
0.328454 -2.77979
0.328898 -2.77546
0.329475 -2.77015
0.330213 -2.76407
0.330459 -2.76222
0.331374 -2.7556
0.332013 -2.75115
0.332799 -2.74585
0.333318 -2.74247
0.333521 -2.74118
0.334524 -2.73493
0.335067 -2.73158
0.335515 -2.72875
0.336076 -2.72494
0.336266 -2.72358
0.337112 -2.71754
0.337742 -2.71319
0.338532 -2.70794
0.339869 -2.69958
0.34024 -2.69736
0.341406 -2.69056
0.342028 -2.68703
0.342685 -2.68327
0.343341 -2.67949
0.344272 -2.67425
0.344885 -2.67092
0.345097 -2.66979
0.346272 -2.66368
0.347131 -2.65933
0.348187 -2.65412
0.34946 -2.64819
0.349883 -2.64631
0.351357 -2.63997
0.351954 -2.63747
0.352195 -2.63649
0.352268 -2.63619
0.3525 -2.63526
0.353943 -2.62949
0.354782 -2.62617
0.355528 -2.6232
0.357423 -2.61564
0.35796 -2.61353
0.359903 -2.60605
0.360731 -2.60292
0.362088 -2.59789
0.363805 -2.5918
0.364323 -2.59003
0.366203 -2.58375
0.367151 -2.58062
0.367901 -2.57812
0.368851 -2.57486
0.369213 -2.57359
0.371095 -2.56703
0.372015 -2.56388
0.373552 -2.55873
0.375395 -2.55285
0.37597 -2.55109
0.377987 -2.54502
0.379152 -2.54156
0.380141 -2.5386
0.381258 -2.53516
0.381673 -2.53385
0.383532 -2.52802
0.384865 -2.52392
0.386602 -2.51872
0.389456 -2.51047
0.390178 -2.50844
0.392374 -2.50238
0.393903 -2.49826
0.395923 -2.49292
0.399182 -2.48454
0.400003 -2.48248
0.402492 -2.4763
0.404172 -2.47223
0.40631 -2.46715
0.409835 -2.45905
0.410717 -2.45706
0.413405 -2.45111
0.414853 -2.44796
0.416046 -2.44535
0.41744 -2.44224
0.417534 -2.44203
0.417712 -2.44162
0.418045 -2.44086
0.418709 -2.43931
0.41902 -2.43857
0.419405 -2.43766
0.421567 -2.4326
0.422755 -2.42987
0.42372 -2.42765
0.424683 -2.42541
0.425096 -2.42444
0.427232 -2.41947
0.428979 -2.4155
0.431219 -2.41055
0.434978 -2.40255
0.435931 -2.40058
0.439403 -2.39355
0.440914 -2.39058
0.443487 -2.38561
0.446955 -2.37919
0.448001 -2.37733
0.451222 -2.37171
0.45297 -2.36875
0.455028 -2.36538
0.457073 -2.36215
0.457935 -2.36081
0.461449 -2.35542
0.463354 -2.35254
0.465041 -2.35
0.469128 -2.34391
0.47033 -2.34215
0.474037 -2.33682
0.476615 -2.3332
0.479915 -2.32866
0.485361 -2.32139
0.486709 -2.31963
0.490747 -2.31448
0.492887 -2.3118
0.494662 -2.3096
0.496214 -2.30767
0.496868 -2.30685
0.500184 -2.30273
0.502985 -2.29931
0.506559 -2.29505
0.511573 -2.28931
0.512963 -2.28778
0.517355 -2.28303
0.519813 -2.28043
0.522103 -2.27805
0.528103 -2.27197
0.528864 -2.27122
0.534377 -2.26593
0.536342 -2.2641
0.538643 -2.26199
0.539455 -2.26125
0.539985 -2.26077
0.543192 -2.2579
0.54645 -2.25507
0.55069 -2.25151
0.556519 -2.24686
0.559117 -2.24487
0.564349 -2.24103
0.567038 -2.23913
0.56925 -2.23761
0.570182 -2.23698
0.570612 -2.23669
0.573613 -2.23462
0.577061 -2.23217
0.581381 -2.22897
0.588126 -2.22367
0.589842 -2.22226
0.594891 -2.21796
0.59805 -2.21514
0.602085 -2.2114
0.606616 -2.207
0.607709 -2.20591
0.612039 -2.20143
0.614845 -2.19841
0.618515 -2.1943
0.625115 -2.18642
0.625762 -2.18561
0.63061 -2.17934
0.632568 -2.17668
0.635677 -2.1723
0.639141 -2.16717
0.639969 -2.1659
0.643395 -2.16047
0.645562 -2.15687
0.648283 -2.15214
0.652609 -2.14409
0.653571 -2.1422
0.656494 -2.13619
0.658336 -2.13218
0.660592 -2.127
0.663438 -2.11996
0.664657 -2.11674
0.666878 -2.1105
0.668253 -2.10635
0.669843 -2.10121
0.671534 -2.09527
0.671973 -2.09363
0.673518 -2.08747
0.674291 -2.0841
0.674923 -2.08117
0.675228 -2.0797
0.675313 -2.07928
0.675978 -2.07586
0.676698 -2.07184
0.677563 -2.06641
0.678664 -2.05798
0.678904 -2.05578
0.679605 -2.04787
0.679826 -2.04453
0.680096 -2.03906
0.680259 -2.03302
0.68028 -2.0314
0.680273 -2.02506
0.680191 -2.02104
0.679995 -2.01588
0.679391 -2.00602
0.679308 -2.00492
0.678633 -1.99722
0.678298 -1.99393
0.677695 -1.98859
0.676739 -1.98145
0.676413 -1.97928
0.675385 -1.97289
0.674784 -1.96947
0.674002 -1.96537
0.672717 -1.9593
0.672266 -1.95731
0.670753 -1.95083
0.669694 -1.94647
0.668358 -1.94114
0.666846 -1.93523
0.666441 -1.93365
0.66485 -1.92756
0.664015 -1.92447
0.663076 -1.92115
0.66147 -1.91584
0.660921 -1.9141
0.658903 -1.9078
0.657537 -1.90361
0.655839 -1.89846
0.653989 -1.89284
0.653514 -1.89138
0.651571 -1.88545
0.650475 -1.88217
0.649357 -1.87892
0.646619 -1.8712
0.645882 -1.86915
0.643298 -1.86198
0.642163 -1.85885
0.640358 -1.8539
0.639195 -1.85073
0.63882 -1.84971
0.636687 -1.84393
0.635486 -1.8407
0.634349 -1.83772
0.63101 -1.82918
0.630614 -1.82817
0.627854 -1.82119
0.626934 -1.81887
0.625789 -1.81604
0.624091 -1.81199
0.623475 -1.81056
0.620999 -1.80483
0.61933 -1.80095
0.617197 -1.79598
0.613146 -1.78648
0.612756 -1.78557
0.609698 -1.77833
0.60842 -1.7753
0.606336 -1.77033
0.604116 -1.76508
0.603502 -1.76365
0.600999 -1.7578
0.599285 -1.75377
0.597145 -1.74869
0.593744 -1.74052
0.592903 -1.73849
0.590432 -1.73246
0.589147 -1.72932
0.588066 -1.72671
0.586534 -1.72313
0.585961 -1.72182
0.583061 -1.71518
0.581756 -1.71217
0.579694 -1.70738
0.578362 -1.70425
0.577857 -1.70305
0.575505 -1.69742
0.574556 -1.69512
0.574217 -1.69429
0.573053 -1.69147
0.57253 -1.69023
0.569761 -1.68362
0.568512 -1.68061
0.566448 -1.67556
0.564145 -1.66973
0.56351 -1.66808
0.56129 -1.6622
0.560409 -1.65984
0.560084 -1.65896
0.558978 -1.656
0.558477 -1.65469
0.555872 -1.64783
0.554755 -1.64485
0.552915 -1.63987
0.550779 -1.63385
0.55018 -1.6321
0.548094 -1.62588
0.547304 -1.62348
0.547043 -1.62268
0.546963 -1.62244
0.546703 -1.62163
0.544937 -1.61611
0.543607 -1.61189
0.541983 -1.60666
0.539465 -1.59838
0.538859 -1.59636
0.536615 -1.58873
0.535682 -1.58549
0.534152 -1.58011
0.531815 -1.57163
0.531247 -1.56952
0.529553 -1.56311
0.528452 -1.55883
0.52712 -1.55355
0.525638 -1.54735
0.52524 -1.54559
0.523823 -1.5392
0.523114 -1.53589
0.522469 -1.53272
0.521999 -1.53027
0.521775 -1.52907
0.520632 -1.52283
0.519851 -1.51847
0.518911 -1.51311
0.51785 -1.50663
0.517581 -1.50487
0.516636 -1.49848
0.516015 -1.49414
0.515259 -1.48868
0.51394 -1.47867
0.513809 -1.47763
0.512853 -1.46989
0.512462 -1.4666
0.511842 -1.46126
0.511148 -1.45531
0.510948 -1.45363
0.510203 -1.44729
0.509823 -1.44401
0.509471 -1.44105
0.508584 -1.43366
0.508329 -1.43146
0.507603 -1.42493
0.507138 -1.42049
0.506609 -1.41514
0.505906 -1.40749
0.505622 -1.40421
0.505086 -1.3976
0.504828 -1.39407
0.504614 -1.39061
0.504366 -1.38503
0.504307 -1.38321
0.504125 -1.37663
0.504023 -1.37222
0.503918 -1.36691
0.503866 -1.36347
0.50385 -1.36216
0.503801 -1.356
0.503793 -1.35359
0.503794 -1.35281
0.503778 -1.3492
0.50377 -1.34851
0.503712 -1.34147
0.503698 -1.33817
0.5037 -1.33287
0.503725 -1.32934
0.503741 -1.32795
0.503839 -1.32162
0.5039 -1.3183
0.503945 -1.31548
0.503972 -1.31189
0.503972 -1.31062
0.503991 -1.30481
0.504032 -1.30043
0.504122 -1.29508
0.504361 -1.28633
0.504439 -1.28412
0.504722 -1.27736
0.504946 -1.27285
0.505254 -1.26738
0.505919 -1.25738
0.505998 -1.25631
0.506605 -1.24862
0.506886 -1.24535
0.507385 -1.23988
0.508121 -1.23295
0.508357 -1.23097
0.509173 -1.22455
0.509503 -1.22212
0.509663 -1.22098
0.510045 -1.21822
0.510209 -1.21698
0.510976 -1.21131
0.511588 -1.20697
0.512401 -1.20149
0.513777 -1.19282
0.51413 -1.19069
0.515242 -1.18425
0.515917 -1.18056
0.516693 -1.17663
0.517486 -1.1729
0.517805 -1.17147
0.519241 -1.1652
0.520044 -1.1618
0.520773 -1.15874
0.52291 -1.14997
0.523166 -1.14896
0.5251 -1.14146
0.525946 -1.1383
0.527423 -1.13292
0.529434 -1.12605
0.53003 -1.12412
0.532031 -1.11784
0.533164 -1.1144
0.534301 -1.11099
0.536685 -1.10404
0.537793 -1.10091
0.539668 -1.09574
0.543238 -1.08634
0.543626 -1.08536
0.546536 -1.07818
0.547808 -1.07516
0.549929 -1.07029
0.551808 -1.06614
0.552541 -1.06457
0.555229 -1.05893
0.556375 -1.05659
0.557177 -1.05499
0.557788 -1.05378
0.558136 -1.05309
0.560081 -1.04928
0.561213 -1.04711
0.562052 -1.04552
0.565581 -1.03901
0.566072 -1.03813
0.569829 -1.03159
0.571489 -1.02881
0.574452 -1.02399
0.579423 -1.01638
0.580705 -1.01451
0.584569 -1.00907
0.58718 -1.00557
0.590425 -1.00138
0.593987 -0.996975
0.595021 -0.995735
0.599124 -0.990969
0.601379 -0.98845
0.603271 -0.986388
0.604252 -0.985337
0.604601 -0.984966
0.607123 -0.982329
0.61006 -0.979354
0.613912 -0.975597
0.620342 -0.96967
0.62199 -0.968218
0.627048 -0.963913
0.630598 -0.961026
0.635004 -0.957589
0.642202 -0.952304
0.643976 -0.951061
0.649466 -0.947356
0.653181 -0.944967
0.657882 -0.942074
0.665568 -0.937644
0.667463 -0.936606
0.673298 -0.933544
0.6772 -0.931604
0.682024 -0.929321
0.687645 -0.926817
0.689145 -0.926177
0.695014 -0.923782
0.698204 -0.922551
0.701008 -0.921511
0.708295 -0.918984
0.710395 -0.918302
0.716727 -0.91637
0.720937 -0.915185
0.726276 -0.913796
0.734847 -0.911826
0.736965 -0.911388
0.743392 -0.910174
0.747777 -0.909446
0.753334 -0.908637
0.762229 -0.907607
0.764384 -0.907406
0.770836 -0.906915
0.774633 -0.906705
0.779194 -0.906529
0.783903 -0.906435
0.785321 -0.906424
0.791296 -0.906466
0.79473 -0.906555
0.797741 -0.906671
0.806563 -0.907223
0.807663 -0.907314
0.815216 -0.90807
0.81841 -0.908459
0.823756 -0.909205
0.8299 -0.910208
0.83153 -0.9105
0.837799 -0.91173
0.842115 -0.912673
0.848595 -0.914242
0.852859 -0.915374
0.858162 -0.916896
0.863429 -0.918534
0.868703 -0.920304
0.875734 -0.922868
0.878109 -0.923789
0.880931 -0.92492
0.882705 -0.925651
0.883293 -0.925897
0.887036 -0.927501
0.890776 -0.929176
0.895655 -0.931473
0.903664 -0.935528
0.905605 -0.936566
0.911495 -0.939852
0.915174 -0.942013
0.919669 -0.944769
0.92656 -0.949251
0.928353 -0.950467
0.933814 -0.954286
0.937389 -0.956878
0.941743 -0.960133
0.946717 -0.963968
0.948021 -0.964993
0.953932 -0.969747
0.956481 -0.971861
0.960597 -0.975365
0.965209 -0.979407
0.966473 -0.980534
0.971174 -0.984811
0.973757 -0.98722
0.976151 -0.98948
0.982689 -0.995807
0.983479 -0.99659
0.98887 -1.00204
0.991139 -1.00439
0.994795 -1.00825
0.999457 -1.01336
1.00082 -1.0149
1.0051 -1.01983
1.00741 -1.02252
1.0094 -1.02487
1.01521 -1.0318
1.01585 -1.03258
1.02075 -1.03864
1.02278 -1.0412
1.02601 -1.04536
1.03003 -1.0507
1.03122 -1.05232
1.03507 -1.05768
1.03709 -1.06053
1.03871 -1.06282
1.03919 -1.0635
1.03976 -1.0643
1.0431 -1.06902
1.04557 -1.07256
1.04866 -1.07706
1.05413 -1.08521
1.05472 -1.0861
1.059 -1.09266
1.06081 -1.09546
1.06373 -1.10007
1.06737 -1.10587
1.06781 -1.10656
1.07174 -1.1129
1.07346 -1.11572
1.07626 -1.12035
1.07941 -1.1256
1.08027 -1.12702
1.08352 -1.13248
1.08527 -1.13546
1.0868 -1.13805
1.09133 -1.14574
1.09187 -1.14668
1.09574 -1.15339
1.09738 -1.15628
1.10007 -1.16107
1.10319 -1.16678
1.10407 -1.16844
1.10707 -1.17418
1.10864 -1.17721
1.10995 -1.17973
1.11162 -1.18286
1.11229 -1.1841
1.11511 -1.18932
1.11671 -1.1923
1.11809 -1.19485
1.12215 -1.20242
1.12266 -1.20338
1.12625 -1.21018
1.12776 -1.21309
1.13026 -1.21794
1.13312 -1.22351
1.13385 -1.22492
1.13726 -1.23159
1.13875 -1.23454
1.14118 -1.23937
1.14381 -1.24465
1.14454 -1.2461
1.1474 -1.25183
1.14934 -1.25579
1.15172 -1.26068
1.15544 -1.26846
1.15637 -1.27045
1.15916 -1.27641
1.16026 -1.27878
1.16065 -1.27964
1.16401 -1.28709
1.16445 -1.28807
1.16759 -1.29515
1.16893 -1.2982
1.17104 -1.30306
1.17237 -1.30616
1.17281 -1.30718
1.17569 -1.314
1.17693 -1.31699
1.17896 -1.32187
1.18127 -1.32761
1.1819 -1.32922
1.18427 -1.33531
1.18553 -1.33859
1.18658 -1.34128
1.18809 -1.345
1.18865 -1.34635
1.19143 -1.35306
1.19266 -1.35607
1.19464 -1.36092
1.19584 -1.36389
1.19625 -1.3649
1.19848 -1.37052
1.20004 -1.37446
1.20208 -1.37968
1.20537 -1.38818
1.20618 -1.39028
1.20851 -1.39637
1.20971 -1.39952
1.21074 -1.40217
1.21228 -1.40603
1.21283 -1.40737
1.21513 -1.41297
1.21674 -1.41693
1.21873 -1.42187
1.22153 -1.4289
1.22278 -1.43206
1.22531 -1.4385
1.22694 -1.44272
1.22888 -1.44775
1.23103 -1.45347
1.2316 -1.45505
1.2338 -1.46115
1.23529 -1.46531
1.23711 -1.47043
1.23911 -1.47621
1.23964 -1.47778
1.24164 -1.48376
1.24275 -1.48706
1.24377 -1.49004
1.24635 -1.49748
1.24704 -1.49945
1.24957 -1.50673
1.25062 -1.50978
1.25238 -1.51488
1.25441 -1.52071
1.25499 -1.52232
1.25714 -1.5284
1.25861 -1.53253
1.26039 -1.53761
1.26236 -1.54336
1.26288 -1.54489
1.26486 -1.55086
1.26595 -1.55416
1.26691 -1.55698
1.2684 -1.5612
1.26891 -1.5626
1.2711 -1.56859
1.27261 -1.57274
1.27447 -1.57789
1.27702 -1.58499
1.27811 -1.58804
1.28034 -1.59428
1.28185 -1.59854
1.28371 -1.6038
1.28572 -1.60962
1.28621 -1.61108
1.2882 -1.61706
1.28962 -1.62135
1.29133 -1.62652
1.29445 -1.63597
1.29477 -1.63693
1.29721 -1.64431
1.29821 -1.64734
1.2999 -1.65247
1.30179 -1.65831
1.30224 -1.65973
1.30409 -1.66564
1.30541 -1.66987
1.30707 -1.67515
1.30973 -1.68365
1.31037 -1.68567
1.31232 -1.69185
1.31339 -1.69521
1.31436 -1.6982
1.31692 -1.70586
1.31759 -1.70785
1.31966 -1.71399
1.32106 -1.71814
1.32288 -1.7235
1.32538 -1.73089
1.32648 -1.73414
1.32862 -1.74041
1.33004 -1.74458
1.33173 -1.74954
1.3328 -1.75264
1.33314 -1.75365
1.33512 -1.75941
1.33593 -1.76176
1.33612 -1.76229
1.33619 -1.7625
1.33647 -1.76331
1.3384 -1.76889
1.33984 -1.77306
1.34164 -1.77827
1.34479 -1.7873
1.34513 -1.78827
1.3477 -1.79559
1.34885 -1.79885
1.35074 -1.80422
1.35275 -1.80999
1.35324 -1.81141
1.35525 -1.81732
1.35637 -1.82058
1.35745 -1.82363
1.35909 -1.82817
1.36094 -1.83326
1.36297 -1.83891
1.36349 -1.84036
1.36556 -1.84622
1.36672 -1.84947
1.36781 -1.85242
1.36957 -1.85701
1.37018 -1.85854
1.37292 -1.86538
1.37412 -1.86838
1.37615 -1.87344
1.37847 -1.87931
1.37902 -1.88072
1.38128 -1.88654
1.38218 -1.88885
1.38241 -1.88943
1.38381 -1.89293
1.38447 -1.89456
1.38696 -1.9006
1.38866 -1.90469
1.39068 -1.90955
1.39359 -1.91654
1.39492 -1.9197
1.39758 -1.92602
1.39933 -1.93014
1.40144 -1.93513
1.40376 -1.94065
1.40433 -1.94204
1.40671 -1.94779
1.40804 -1.95096
1.40969 -1.95479
1.41134 -1.95851
1.41356 -1.96352
1.41607 -1.96918
1.41669 -1.97059
1.41915 -1.97624
1.42054 -1.97937
1.42182 -1.9822
1.42408 -1.98702
1.42487 -1.98864
1.42781 -1.99463
1.4298 -1.99865
1.43225 -2.00358
1.43621 -2.01149
1.4372 -2.01344
1.44014 -2.01924
1.44168 -2.02225
1.44315 -2.02505
1.44568 -2.0297
1.44654 -2.03123
1.45026 -2.03783
1.45188 -2.0407
1.45459 -2.04543
1.45768 -2.05089
1.45849 -2.05233
1.46154 -2.05775
1.46311 -2.06056
1.46433 -2.06273
1.46475 -2.06349
1.46517 -2.06427
1.46848 -2.07026
1.4701 -2.07318
1.47277 -2.07792
1.47569 -2.0831
1.47641 -2.08439
1.47939 -2.08965
1.48114 -2.09267
1.48305 -2.09588
1.48621 -2.10111
1.48704 -2.10248
1.49033 -2.10788
1.49263 -2.11158
1.49556 -2.11621
1.50102 -2.1246
1.50163 -2.12552
1.50595 -2.13186
1.50782 -2.13453
1.51097 -2.13891
1.51433 -2.14343
1.51464 -2.14384
1.51751 -2.14768
1.5194 -2.15028
1.52242 -2.15459
1.5257 -2.15951
1.52662 -2.16093
1.5306 -2.16736
1.53232 -2.17027
1.53509 -2.17516
1.53929 -2.1831
1.54025 -2.18503
1.54304 -2.19085
1.54444 -2.19392
1.54556 -2.19648
1.54611 -2.19775
1.54632 -2.19824
1.54778 -2.20176
1.54933 -2.20566
1.55125 -2.21078
1.55437 -2.21997
1.55471 -2.22103
1.55693 -2.22852
1.55781 -2.23173
1.55919 -2.23718
1.56113 -2.24587
1.56156 -2.24803
1.56292 -2.25569
1.56343 -2.25896
1.56418 -2.26438
1.56514 -2.27322
1.56533 -2.27537
1.56578 -2.28187
1.56594 -2.2852
1.56604 -2.28795
1.56608 -2.2893
1.5661 -2.28982
1.56616 -2.29346
1.56616 -2.29763
1.56606 -2.30305
1.56567 -2.31153
1.56553 -2.31368
1.56494 -2.32053
1.56445 -2.32511
1.56373 -2.33063
1.56239 -2.33915
1.56201 -2.34126
1.56049 -2.34889
1.55979 -2.35211
1.55855 -2.35745
1.55635 -2.36603
1.55579 -2.36811
1.55402 -2.37436
1.55302 -2.37771
1.55189 -2.38143
1.55078 -2.38501
1.54912 -2.39016
1.54682 -2.39686
1.54613 -2.39877
1.54389 -2.40479
1.54259 -2.40821
1.54135 -2.41144
1.53797 -2.42003
1.53759 -2.42099
1.53465 -2.42817
1.5334 -2.43113
1.53131 -2.43604
1.52887 -2.44167
1.52819 -2.44322
1.52511 -2.45021
1.52375 -2.45325
1.52147 -2.45823
1.51778 -2.46614
1.51685 -2.46811
1.51402 -2.47402
1.51208 -2.47802
1.5096 -2.48304
1.50562 -2.491
1.50464 -2.49294
1.50162 -2.49884
1.49959 -2.50276
1.49704 -2.50766
1.49342 -2.51451
1.49187 -2.51741
1.48873 -2.52327
1.48664 -2.52714
1.48411 -2.5318
1.48244 -2.53485
1.48187 -2.53587
1.47888 -2.54126
1.47727 -2.54417
1.47587 -2.54672
1.47213 -2.55359
1.47109 -2.5555
1.46787 -2.56137
1.46572 -2.56528
1.46305 -2.5701
1.4593 -2.57683
1.45765 -2.57978
1.45498 -2.58454
1.45223 -2.58941
1.44956 -2.59413
1.44517 -2.60185
1.44411 -2.6037
1.44078 -2.60951
1.43861 -2.6133
1.43596 -2.61789
1.43426 -2.62083
1.4337 -2.6218
1.43062 -2.62709
1.42941 -2.62917
1.42913 -2.62965
1.42899 -2.6299
1.42851 -2.63071
1.4255 -2.63586
1.42284 -2.64048
1.42228 -2.64146
1.41817 -2.64867
1.41709 -2.65057
1.41379 -2.65635
1.41198 -2.65951
1.41043 -2.66217
1.40804 -2.66613
1.40723 -2.66745
1.4039 -2.67281
1.40157 -2.67656
1.39808 -2.6822
1.39576 -2.68595
1.39287 -2.69062
1.38822 -2.69815
1.38707 -2.70003
1.38365 -2.70557
1.38181 -2.70856
1.38029 -2.71099
1.37946 -2.7123
1.37894 -2.71312
1.37573 -2.71814
1.37301 -2.72246
1.37211 -2.72392
1.36831 -2.7301
1.36699 -2.73227
1.36538 -2.73495
1.36431 -2.73677
1.36384 -2.73757
1.36027 -2.74369
1.35864 -2.74647
1.35594 -2.7511
1.35276 -2.75649
1.35192 -2.75789
1.3487 -2.76324
1.34741 -2.76539
1.34711 -2.76588
1.34528 -2.76899
1.34445 -2.77041
1.34069 -2.77692
1.33907 -2.77974
1.33637 -2.78443
1.33333 -2.78964
1.33255 -2.79097
1.32936 -2.79635
1.32761 -2.79932
1.32599 -2.8021
1.322 -2.80909
1.32092 -2.81099
1.31719 -2.81756
1.31558 -2.8204
1.31288 -2.82515
1.30977 -2.83057
1.30896 -2.83195
1.30585 -2.83727
1.30458 -2.83945
1.30427 -2.83998
1.30244 -2.84316
1.30163 -2.8446
1.29849 -2.85021
1.29636 -2.85402
1.29366 -2.85885
1.28881 -2.86753
1.28829 -2.86848
1.28458 -2.87511
1.28302 -2.87791
1.28047 -2.88249
1.27877 -2.88555
1.27831 -2.88636
1.27482 -2.89265
1.27321 -2.89554
1.27058 -2.90027
1.26763 -2.90552
1.26683 -2.90692
1.26371 -2.91237
1.262 -2.91536
1.26051 -2.91802
1.25825 -2.92218
1.25749 -2.92361
1.25453 -2.92922
1.25246 -2.93314
1.24988 -2.93803
1.24524 -2.94681
1.24474 -2.94776
1.2412 -2.95444
1.2397 -2.95725
1.23726 -2.96185
1.23561 -2.96496
1.23518 -2.96577
1.23232 -2.97115
1.23025 -2.97503
1.22764 -2.97991
1.22296 -2.98869
1.22246 -2.98962
1.21886 -2.99634
1.21763 -2.99864
1.21617 -3.00142
1.21417 -3.00534
1.21347 -3.00674
1.21021 -3.01329
1.20875 -3.01621
1.20632 -3.02105
1.2035 -3.02659
1.20274 -3.02804
1.19982 -3.03363
1.19817 -3.03678
1.19673 -3.03956
1.19266 -3.04757
1.19217 -3.04853
1.18865 -3.05543
1.18716 -3.05835
1.18469 -3.06318
1.18182 -3.0687
1.18111 -3.07004
1.17812 -3.07562
1.17601 -3.07954
1.17335 -3.08447
1.16913 -3.09226
1.16809 -3.09418
1.16493 -3.1
1.16281 -3.10389
1.16026 -3.10857
1.15866 -3.1115
1.15816 -3.11241
1.1552 -3.11781
1.15307 -3.12168
1.15042 -3.12651
1.14569 -3.13509
1.14515 -3.13607
1.1414 -3.14285
1.13979 -3.14575
1.13711 -3.15058
1.13406 -3.15596
1.13328 -3.15731
1.13014 -3.16273
1.12838 -3.16577
1.12683 -3.16848
1.12297 -3.17534
1.1219 -3.17724
1.11813 -3.18395
1.11656 -3.18674
1.11398 -3.1913
1.11092 -3.19678
1.11014 -3.1982
1.10701 -3.20391
1.10488 -3.20778
1.1022 -3.21261
1.09734 -3.22131
1.09681 -3.22225
1.093 -3.229
1.09138 -3.23186
1.0887 -3.23656
1.0856 -3.24188
1.08478 -3.24327
1.08153 -3.24873
1.07974 -3.25172
1.07819 -3.25435
1.07424 -3.26113
1.07316 -3.26299
1.06977 -3.26878
1.06753 -3.2726
1.06471 -3.27736
1.06018 -3.28496
1.05903 -3.28686
1.05502 -3.2935
1.0533 -3.29632
1.05047 -3.30095
1.04721 -3.30617
1.04637 -3.30749
1.0423 -3.31382
1.04052 -3.31656
1.03753 -3.32119
1.0341 -3.32638
1.03316 -3.32778
1.0289 -3.33408
1.02705 -3.33678
1.02392 -3.34133
1.01886 -3.34864
1.01763 -3.3504
1.01388 -3.35577
1.01194 -3.35853
1.01031 -3.36089
1.00802 -3.36427
1.0072 -3.36551
1.00381 -3.37063
1.00132 -3.37435
0.998291 -3.37887
0.993376 -3.38612
0.992205 -3.38783
0.987976 -3.39395
0.986025 -3.39673
0.982776 -3.40131
0.978935 -3.40659
0.977824 -3.40807
0.973954 -3.4132
0.972434 -3.41519
0.971926 -3.41585
0.969903 -3.41851
0.969047 -3.41965
0.965531 -3.42432
0.963542 -3.42696
0.961791 -3.4293
0.957527 -3.43499
0.956243 -3.43669
0.952327 -3.44178
0.949606 -3.44526
0.945478 -3.45045
0.942643 -3.45395
0.939166 -3.45817
0.934954 -3.46313
0.933726 -3.46454
0.929373 -3.46948
0.927105 -3.47202
0.92506 -3.47433
0.920221 -3.47973
0.918738 -3.48136
0.914267 -3.48619
0.911226 -3.48939
0.907413 -3.49334
0.901232 -3.49957
0.899673 -3.50111
0.895059 -3.5056
0.892483 -3.50807
0.890413 -3.51006
0.889721 -3.51072
0.888886 -3.51153
0.885223 -3.51504
0.882835 -3.51728
0.878781 -3.52098
0.872241 -3.52672
0.870654 -3.52807
0.865596 -3.53228
0.862088 -3.53512
0.857702 -3.53858
0.852011 -3.54288
0.850325 -3.54411
0.845115 -3.54784
0.84306 -3.54928
0.841751 -3.55018
0.840377 -3.55112
0.839716 -3.55158
0.835125 -3.5547
0.83236 -3.55652
0.827883 -3.55939
0.823889 -3.56184
0.819637 -3.56434
0.81367 -3.56766
0.811168 -3.56899
0.80801 -3.57065
0.801367 -3.57398
0.7994 -3.57492
0.792309 -3.57814
0.78927 -3.57944
0.784229 -3.58149
0.776225 -3.58449
0.774152 -3.58522
0.767822 -3.58733
0.763764 -3.58859
0.75867 -3.59007
0.752641 -3.59167
0.750967 -3.59208
0.744648 -3.59354
0.740322 -3.59444
0.734898 -3.59545
0.729451 -3.59634
0.72402 -3.59711
0.716616 -3.59797
0.713981 -3.59822
0.71078 -3.59849
0.708846 -3.59863
0.708177 -3.59867
0.702922 -3.59897
0.699661 -3.59911
0.694034 -3.59927
0.68517 -3.59929
0.683071 -3.59925
0.676761 -3.59903
0.673317 -3.59883
0.670192 -3.59862
0.665123 -3.59821
0.659482 -3.59766
0.650658 -3.59656
0.648521 -3.59625
0.642056 -3.59519
0.637776 -3.59439
0.632493 -3.59329
0.626522 -3.59191
0.624829 -3.59149
0.618662 -3.58986
0.615436 -3.58893
0.612798 -3.58814
0.611492 -3.58774
0.610997 -3.58759
0.606613 -3.58617
0.603607 -3.58514
0.598441 -3.58328
0.59046 -3.58015
0.58839 -3.57928
0.582364 -3.57664
0.579166 -3.57516
0.575734 -3.57351
0.572293 -3.57179
0.567501 -3.5693
0.560283 -3.5653
0.55838 -3.5642
0.552796 -3.56085
0.550158 -3.55921
0.547805 -3.55771
0.541441 -3.55346
0.539638 -3.55221
0.534345 -3.5484
0.53153 -3.5463
0.528904 -3.54431
0.522531 -3.53929
0.52083 -3.53791
0.514853 -3.53291
0.512355 -3.53075
0.508359 -3.52721
0.505165 -3.52429
0.504869 -3.52401
0.504744 -3.5239
0.504717 -3.52387
0.504677 -3.52384
0.504669 -3.52383
0.504685 -3.52384
0.504719 -3.52387
0.504719 -3.52387
0.504719 -3.52387
0.504719 -3.52387
0.504721 -3.52388
0.504727 -3.52388
0.504727 -3.52388
0.504729 -3.52388
0.504729 -3.52388
0.504729 -3.52388
0.504729 -3.52388
0.504729 -3.52388
0.504729 -3.52388
0.504729 -3.52388
0.504729 -3.52388
0.504729 -3.52388
0.504729 -3.52388
0.504729 -3.52388
0.504729 -3.52388
0.504729 -3.52388
0.504729 -3.52388
0.504729 -3.52388
0.504729 -3.52388
0.504729 -3.52388
0.504729 -3.52388
0.504729 -3.52388
0.504729 -3.52388
0.504729 -3.52388
0.504729 -3.52388
0.504729 -3.52388
0.504729 -3.52388
0.504729 -3.52388
0.504729 -3.52388
0.504729 -3.52388
0.504729 -3.52388
0.504729 -3.52388
0.504729 -3.52388
0.504729 -3.52388
0.504729 -3.52388
0.504729 -3.52388
0.504729 -3.52388
0.504729 -3.52388
0.504729 -3.52388
0.504729 -3.52388
0.504729 -3.52388
0.504729 -3.52388
0.504729 -3.52388
0.504729 -3.52388
0.504729 -3.52388
0.504729 -3.52388
0.504729 -3.52388
0.504729 -3.52388
0.504729 -3.52388
0.504729 -3.52388
0.504729 -3.52388
0.504729 -3.52388
0.504729 -3.52388
0.504729 -3.52388
0.504729 -3.52388
0.504729 -3.52388
0.504729 -3.52388
0.504729 -3.52388
0.504729 -3.52388
0.504729 -3.52388
0.504729 -3.52388
0.504729 -3.52388
0.504729 -3.52388
0.504729 -3.52388
0.504729 -3.52388
0.504729 -3.52388
0.504729 -3.52388
0.504729 -3.52388
0.504729 -3.52388
0.504729 -3.52388
0.504729 -3.52388
0.504729 -3.52388
0.504729 -3.52388
0.504729 -3.52388
0.504729 -3.52388
0.504729 -3.52388
0.504729 -3.52388
0.504729 -3.52388
0.504729 -3.52388
0.504729 -3.52388
0.504729 -3.52388
0.504729 -3.52388
0.504729 -3.52388
0.504729 -3.52388
0.504729 -3.52388
0.504729 -3.52388
0.504729 -3.52388
0.504729 -3.52388
0.504729 -3.52388
0.504729 -3.52388
0.504729 -3.52388
0.504729 -3.52388
0.504729 -3.52388
0.504729 -3.52388
0.504729 -3.52388
0.504729 -3.52388
0.504729 -3.52388
0.504729 -3.52388
0.504729 -3.52388
0.504729 -3.52388
0.504729 -3.52388
0.504729 -3.52388
0.504729 -3.52388
0.504729 -3.52388
0.504729 -3.52388
0.504729 -3.52388
0.504729 -3.52388
0.504729 -3.52388
0.504729 -3.52388
0.504729 -3.52388
0.504729 -3.52388
0.504729 -3.52388
0.504729 -3.52388
0.504729 -3.52388
0.504729 -3.52388
0.504729 -3.52388
0.504729 -3.52388
0.504729 -3.52388
0.504729 -3.52388
0.504729 -3.52388
0.504729 -3.52388
0.504729 -3.52388
0.504729 -3.52388
0.504729 -3.52388
0.504729 -3.52388
0.504729 -3.52388
0.504729 -3.52388
0.504729 -3.52388
0.504729 -3.52388
0.504729 -3.52388
0.504729 -3.52388
0.504729 -3.52388
0.504729 -3.52388
0.504729 -3.52388
0.504729 -3.52388
0.504729 -3.52388
0.504729 -3.52388
0.504729 -3.52388
0.504729 -3.52388
0.504729 -3.52388
0.504729 -3.52388
0.504729 -3.52388
0.504729 -3.52388
0.504729 -3.52388
0.504729 -3.52388
0.504729 -3.52388
0.504729 -3.52388
0.504729 -3.52388
0.504729 -3.52388
0.504729 -3.52388
0.504729 -3.52388
0.504729 -3.52388
0.504729 -3.52388
0.504729 -3.52388
0.504729 -3.52388
0.504729 -3.52388
0.504729 -3.52388
0.504729 -3.52388
0.504729 -3.52388
0.504729 -3.52388
0.504729 -3.52388
0.504729 -3.52388
0.504729 -3.52388
0.504729 -3.52388
0.504729 -3.52388
0.504729 -3.52388
0.504729 -3.52388
0.504729 -3.52388
0.504729 -3.52388
0.504729 -3.52388
0.504729 -3.52388
0.504729 -3.52388
0.504729 -3.52388
0.504729 -3.52388
0.504729 -3.52388
0.504729 -3.52388
0.504729 -3.52388
0.504729 -3.52388
0.504729 -3.52388
0.504729 -3.52388
0.504729 -3.52388
0.504729 -3.52388
0.504729 -3.52388
0.504729 -3.52388
0.504729 -3.52388
0.504729 -3.52388
0.504729 -3.52388
0.504729 -3.52388
0.504729 -3.52388
0.504729 -3.52388
0.504729 -3.52388
0.504729 -3.52388
0.504729 -3.52388
0.504729 -3.52388
0.504729 -3.52388
0.504729 -3.52388
0.504729 -3.52388
0.504729 -3.52388
0.504729 -3.52388
0.504729 -3.52388
0.504729 -3.52388
0.504729 -3.52388
0.504729 -3.52388
0.504729 -3.52388
0.504729 -3.52388
0.504729 -3.52388
0.504729 -3.52388
0.504729 -3.52388
0.504729 -3.52388
0.504729 -3.52388
0.504729 -3.52388
0.504729 -3.52388
0.504729 -3.52388
0.504729 -3.52388
0.504729 -3.52388
0.504729 -3.52388
0.504729 -3.52388
0.504729 -3.52388
0.504729 -3.52388
0.504729 -3.52388
0.504729 -3.52388
0.504729 -3.52388
0.504731 -3.52389
0.504731 -3.52389
0.504731 -3.52389
0.504731 -3.52389
0.504731 -3.52389
0.504731 -3.52389
0.504731 -3.52389
0.504731 -3.52389
0.504731 -3.52389
0.504731 -3.52389
0.504731 -3.52389
0.504735 -3.52389
0.504735 -3.52389
0.504735 -3.52389
0.504735 -3.52389
0.504735 -3.52389
0.504735 -3.52389
0.504735 -3.52389
0.504735 -3.52389
0.504735 -3.52389
0.504735 -3.52389
0.504735 -3.52389
0.504735 -3.52389
0.504735 -3.52389
0.504735 -3.52389
0.504735 -3.52389
0.504735 -3.52389
0.504735 -3.52389
0.504735 -3.52389
0.504735 -3.52389
0.504735 -3.52389
0.504735 -3.52389
0.504735 -3.52389
0.504735 -3.52389
0.504735 -3.52389
0.504735 -3.52389
0.504735 -3.52389
0.504735 -3.52389
0.504735 -3.52389
0.504735 -3.52389
0.504735 -3.52389
0.504735 -3.52389
0.504735 -3.52389
0.504735 -3.52389
0.504735 -3.52389
0.504735 -3.52389
0.504735 -3.52389
0.504735 -3.52389
0.504735 -3.52389
0.504735 -3.52389
0.504735 -3.52389
0.504735 -3.52389
0.504735 -3.52389
0.504735 -3.52389
0.504735 -3.52389
0.504735 -3.52389
0.504735 -3.52389
0.504735 -3.52389
0.504735 -3.52389
0.504735 -3.52389
0.504735 -3.52389
0.504735 -3.52389
0.504735 -3.52389
0.504735 -3.52389
0.504735 -3.52389
0.504735 -3.52389
0.504735 -3.52389
0.504735 -3.52389
0.504735 -3.52389
0.504735 -3.52389
0.504735 -3.52389
0.504735 -3.52389
0.504735 -3.52389
0.504735 -3.52389
0.504735 -3.52389
0.504735 -3.52389
0.504735 -3.52389
0.504735 -3.52389
0.504735 -3.52389
0.504735 -3.52389
0.504735 -3.52389
0.504735 -3.52389
0.504735 -3.52389
0.504735 -3.52389
0.504735 -3.52389
0.504735 -3.52389
0.504735 -3.52389
0.504735 -3.52389
0.504735 -3.52389
0.504735 -3.52389
0.504735 -3.52389
0.504735 -3.52389
0.504735 -3.52389
0.504735 -3.52389
0.504735 -3.52389
0.504735 -3.52389
0.504735 -3.52389
0.504735 -3.52389
0.504735 -3.52389
0.504735 -3.52389
0.504735 -3.52389
0.504735 -3.52389
0.504735 -3.52389
0.504735 -3.52389
0.504735 -3.52389
0.504735 -3.52389
0.504735 -3.52389
0.504735 -3.52389
0.504735 -3.52389
0.504735 -3.52389
0.504735 -3.52389
0.504735 -3.52389
0.504735 -3.52389
0.504735 -3.52389
0.504735 -3.52389
0.504735 -3.52389
0.504735 -3.52389
0.504735 -3.52389
0.504739 -3.52389
0.504744 -3.5239
0.504748 -3.5239
0.50475 -3.5239
0.50475 -3.5239
0.50475 -3.5239
0.50475 -3.5239
0.50475 -3.5239
0.50475 -3.5239
0.50475 -3.5239
0.50475 -3.5239
0.50475 -3.5239
0.50475 -3.5239
0.50475 -3.5239
0.50475 -3.5239
0.50475 -3.5239
0.50475 -3.5239
0.50475 -3.5239
0.50475 -3.5239
0.50475 -3.5239
0.50475 -3.5239
0.50475 -3.5239
0.50475 -3.5239
0.50475 -3.5239
0.50475 -3.5239
0.50475 -3.5239
0.50475 -3.5239
0.50475 -3.5239
0.50475 -3.5239
0.50475 -3.5239
0.50475 -3.5239
0.50475 -3.5239
0.50475 -3.5239
0.50475 -3.5239
0.50475 -3.5239
0.50475 -3.5239
0.50475 -3.5239
0.50475 -3.5239
0.50475 -3.5239
0.50475 -3.5239
0.50475 -3.5239
0.50475 -3.5239
0.50475 -3.5239
0.50475 -3.5239
0.50475 -3.5239
0.50475 -3.5239
0.50475 -3.5239
0.50475 -3.5239
0.50475 -3.5239
0.50475 -3.5239
0.50475 -3.5239
0.50475 -3.5239
0.50475 -3.5239
0.50475 -3.5239
0.50475 -3.5239
0.50475 -3.5239
0.50475 -3.5239
0.50475 -3.5239
0.50475 -3.5239
0.50475 -3.5239
0.50475 -3.5239
0.50475 -3.5239
0.50475 -3.5239
0.50475 -3.5239
0.50475 -3.5239
0.50475 -3.5239
0.50475 -3.5239
0.50475 -3.5239
0.50475 -3.5239
0.50475 -3.5239
0.50475 -3.5239
0.50475 -3.5239
0.50475 -3.5239
0.50475 -3.5239
0.50475 -3.5239
0.50475 -3.5239
0.50475 -3.5239
0.50475 -3.5239
0.50475 -3.5239
0.50475 -3.5239
0.50475 -3.5239
0.50475 -3.5239
0.50475 -3.5239
0.50475 -3.5239
0.50475 -3.5239
0.50475 -3.5239
0.50475 -3.5239
0.50475 -3.5239
0.50475 -3.5239
0.50475 -3.5239
0.50475 -3.5239
0.50475 -3.5239
0.50475 -3.5239
0.50475 -3.5239
0.50475 -3.5239
0.50475 -3.5239
0.50475 -3.5239
0.50475 -3.5239
0.50475 -3.5239
0.50475 -3.5239
0.50475 -3.5239
0.50475 -3.5239
0.50475 -3.5239
0.50475 -3.5239
0.50475 -3.5239
0.50475 -3.5239
0.50475 -3.5239
0.50475 -3.5239
0.50475 -3.5239
0.50475 -3.5239
0.50475 -3.5239
0.50475 -3.5239
0.50475 -3.5239
0.50475 -3.5239
0.50475 -3.5239
0.50475 -3.5239
0.50475 -3.5239
0.50475 -3.5239
0.50475 -3.5239
0.50475 -3.5239
0.50475 -3.5239
0.50475 -3.5239
0.50475 -3.5239
0.50475 -3.5239
0.50475 -3.5239
0.50475 -3.5239
0.50475 -3.5239
0.50475 -3.5239
0.50475 -3.5239
0.50475 -3.5239
0.50475 -3.5239
