0.0345289 -0.237709
0.0345289 -0.237709
0.0345289 -0.237709
0.0345289 -0.237709
0.0345289 -0.237709
0.0345289 -0.237709
0.0345289 -0.237709
0.0345289 -0.237709
0.0345289 -0.237709
0.0345289 -0.237709
0.0345289 -0.237709
0.0345289 -0.237709
0.0345289 -0.237709
0.0345289 -0.237709
0.0345289 -0.237709
0.0345289 -0.237709
0.0345289 -0.237709
0.0345289 -0.237709
0.0345289 -0.237709
0.0345289 -0.237709
0.0345289 -0.237709
0.0345289 -0.237709
0.0345289 -0.237709
0.0345289 -0.237709
0.0345289 -0.237709
0.0345289 -0.237709
0.0345289 -0.237709
0.0345289 -0.237709
0.0345289 -0.237709
0.0345289 -0.237709
0.0345289 -0.237709
0.0345289 -0.237709
0.0345289 -0.237709
0.0345289 -0.237709
0.0345289 -0.237709
0.0345289 -0.237709
0.0345289 -0.237709
0.0345289 -0.237709
0.0345289 -0.237709
0.0345289 -0.237709
0.0345289 -0.237709
0.0345289 -0.237709
0.0345289 -0.237709
0.0345289 -0.237709
0.0345289 -0.237709
0.0345289 -0.237709
0.0345289 -0.237709
0.0345289 -0.237709
0.0345289 -0.237709
0.0345289 -0.237709
0.0345289 -0.237709
0.0345289 -0.237709
0.0347063 -0.237626
0.0356582 -0.23718
0.0357681 -0.237128
0.0371174 -0.236496
0.0396287 -0.235319
0.0399711 -0.235159
0.0434925 -0.23351
0.0439074 -0.233316
0.0478518 -0.231471
0.0483217 -0.231252
0.0527346 -0.22919
0.0531847 -0.22898
0.057121 -0.227144
0.0610454 -0.225315
0.0614482 -0.225128
0.0654385 -0.22327
0.0658638 -0.223073
0.0698149 -0.221235
0.0702929 -0.221013
0.0742149 -0.219192
0.0781402 -0.217372
0.0785833 -0.217166
0.0823164 -0.215437
0.0827095 -0.215254
0.0848928 -0.214243
0.0883729 -0.21263
0.0888011 -0.212431
0.0939765 -0.210034
0.0945824 -0.209753
0.0978901 -0.208221
0.103416 -0.205661
0.110285 -0.20248
0.110956 -0.202169
0.114945 -0.200323
0.121701 -0.1972
0.122465 -0.196847
0.131168 -0.192835
0.132259 -0.192333
0.139015 -0.189226
0.149628 -0.184353
0.150955 -0.183744
0.164213 -0.177675
0.165345 -0.177157
0.176039 -0.172276
0.17733 -0.171687
0.183701 -0.168786
0.190417 -0.165729
0.197131 -0.162681
0.197902 -0.162331
0.204668 -0.159277
0.205342 -0.158974
0.209135 -0.157268
0.211005 -0.156428
0.213173 -0.155455
0.216585 -0.153925
0.218181 -0.153208
0.219747 -0.152506
0.22131 -0.151804
0.223302 -0.15091
0.226033 -0.149683
0.227445 -0.149049
0.228807 -0.148438
0.231133 -0.147393
0.231362 -0.147291
0.23352 -0.146322
0.233756 -0.146215
0.235989 -0.145213
0.236238 -0.145101
0.237625 -0.144478
0.238964 -0.143876
0.240636 -0.143125
0.240792 -0.143055
0.241668 -0.142662
0.242738 -0.142181
0.243712 -0.141743
0.244945 -0.141189
0.246596 -0.140447
0.246772 -0.140368
0.247835 -0.139891
0.249395 -0.13919
0.249539 -0.139125
0.25079 -0.138563
0.250908 -0.13851
0.252177 -0.13794
0.252295 -0.137887
0.25302 -0.137561
0.25421 -0.137026
0.254354 -0.136961
0.255076 -0.136637
0.256219 -0.136123
0.256783 -0.13587
0.25679 -0.135867
0.256808 -0.135859
0.256808 -0.135859
0.256806 -0.13586
0.256806 -0.13586
0.256806 -0.13586
0.256806 -0.13586
0.256806 -0.13586
0.256806 -0.13586
0.256806 -0.13586
0.256806 -0.13586
0.256806 -0.13586
0.256806 -0.13586
0.257007 -0.135769
0.257994 -0.135326
0.258865 -0.134935
0.263198 -0.132998
0.266236 -0.131647
0.269297 -0.130293
0.274973 -0.127796
0.275524 -0.127555
0.280596 -0.125337
0.281168 -0.125088
0.28637 -0.122818
0.286957 -0.122562
0.292322 -0.120228
0.292955 -0.119954
0.298326 -0.117623
0.301532 -0.116234
0.308054 -0.113414
0.308614 -0.113172
0.309323 -0.112866
0.314609 -0.110585
0.319737 -0.10838
0.32026 -0.108156
0.325483 -0.105921
0.326039 -0.105683
0.331185 -0.10349
0.331781 -0.103236
0.337543 -0.100792
0.33813 -0.100543
0.34329 -0.098363
0.346505 -0.0970093
0.351621 -0.0948614
0.352194 -0.0946215
0.357357 -0.0924632
0.357905 -0.0922348
0.361191 -0.0908658
0.366319 -0.0887367
0.366946 -0.0884769
0.373715 -0.0856822
0.385281 -0.0809386
0.386443 -0.0804638
0.392938 -0.07782
0.404601 -0.0731112
0.405763 -0.0726444
0.412455 -0.069965
0.419328 -0.0672199
0.426106 -0.0645132
0.432815 -0.0618334
0.441725 -0.0581998
0.446948 -0.055969
0.447301 -0.0558136
0.450795 -0.0542646
0.451549 -0.0539276
0.459352 -0.0503751
0.46722 -0.0466804
0.468042 -0.046288
0.475462 -0.0426674
0.476134 -0.0423324
0.484117 -0.0382453
0.484896 -0.037836
0.48948 -0.0353954
0.496713 -0.0314374
0.49756 -0.0309662
0.505087 -0.0266742
0.505749 -0.0262873
0.509504 -0.0240552
0.515161 -0.020559
0.52077 -0.0169293
0.521368 -0.0165327
0.527352 -0.0124749
0.528007 -0.0120206
0.534157 -0.00766882
0.534915 -0.00712092
0.541711 -0.00209529
0.542424 -0.00155584
0.546142 0.00129558
0.552657 0.0064483
0.553386 0.00703814
0.556966 0.0099708
0.562682 0.0147886
0.569037 0.0203488
0.569642 0.0208895
0.573201 0.0241132
0.579349 0.0298525
0.579966 0.0304407
0.583502 0.0338509
0.589332 0.0396183
0.589965 0.0402543
0.596012 0.046425
0.596618 0.0470522
0.60063 0.0512414
0.607573 0.0585955
0.60849 0.0595741
0.6163 0.0679267
0.624425 0.0766274
0.625318 0.0775833
0.632708 0.0854979
0.633196 0.0860204
0.634935 0.0878852
0.634935 0.0878852
0.635061 0.0880205
0.635066 0.0880266
0.635066 0.0880266
0.634952 0.0879034
0.63495 0.0879014
0.635648 0.0886504
0.635811 0.088826
0.636857 0.0899482
0.640706 0.0940758
0.641041 0.0944351
0.643039 0.0965788
0.646143 0.0999094
0.646486 0.100277
0.649681 0.103704
0.650027 0.104076
0.653603 0.10791
0.653936 0.108267
0.655543 0.109991
0.659276 0.113996
0.664265 0.119354
0.664835 0.119966
0.671255 0.12686
0.671886 0.127536
0.674889 0.130761
0.680584 0.136872
0.681259 0.137597
0.686587 0.143314
0.692239 0.149378
0.692769 0.149948
0.69526 0.152621
0.700867 0.15864
0.701416 0.159229
0.704599 0.162649
0.70957 0.168073
0.710122 0.168686
0.71526 0.174438
0.715836 0.175089
0.720667 0.180546
0.726113 0.1867
0.726619 0.187273
0.729723 0.190783
0.734605 0.196302
0.735144 0.196911
0.740125 0.202541
0.740648 0.203132
0.74621 0.209415
0.746723 0.209994
0.749845 0.213521
0.755317 0.219703
0.755839 0.220292
0.759044 0.223912
0.766638 0.232487
0.767551 0.233518
0.772439 0.239038
0.781324 0.249069
0.782268 0.250135
0.790146 0.259023
0.795032 0.264534
0.802827 0.273326
0.803706 0.274317
0.811601 0.283224
0.812461 0.284194
0.820405 0.293157
0.821361 0.294235
0.830167 0.30417
0.831124 0.30525
0.836005 0.310758
0.844791 0.32067
0.845743 0.321743
0.85062 0.327244
0.85848 0.336108
0.866366 0.344996
0.867131 0.345859
0.875147 0.354891
0.875987 0.355838
0.883935 0.364794
0.884891 0.365872
0.892719 0.374693
0.901503 0.384589
0.902419 0.38562
0.907381 0.391212
0.9152 0.400023
0.916079 0.401014
0.924185 0.410194
0.92482 0.410918
0.928189 0.414801
0.933277 0.420817
0.93384 0.421493
0.939632 0.428545
0.940537 0.429659
0.945047 0.435204
0.952326 0.444141
0.959664 0.453136
0.960436 0.454081
0.968864 0.464392
0.969669 0.465377
0.974265 0.470997
0.979589 0.477598
0.98003 0.478153
0.984384 0.483751
0.985063 0.484639
0.99188 0.493557
0.99615 0.499126
1.00303 0.508072
1.00377 0.509033
1.00822 0.514798
1.01506 0.523632
1.01576 0.524535
1.02194 0.53247
1.0333 0.547005
1.03408 0.548003
1.03846 0.553573
1.04548 0.562476
1.04621 0.563407
1.05335 0.572407
1.05421 0.573488
1.06122 0.582301
1.06827 0.591121
1.06909 0.592146
1.07347 0.597596
1.08147 0.607534
1.08227 0.608528
1.08682 0.614145
1.09389 0.622866
1.09467 0.62382
1.09918 0.629357
1.10723 0.6392
1.108 0.640134
1.11168 0.644613
1.11615 0.650047
1.12332 0.658713
1.1305 0.667357
1.13127 0.668282
1.13856 0.677023
1.13937 0.67799
1.1466 0.686598
1.14748 0.687643
1.15186 0.692827
1.1588 0.700998
1.16317 0.706095
1.17054 0.714654
1.17127 0.715505
1.176 0.720983
1.17962 0.725159
1.18782 0.734583
1.18863 0.735508
1.19315 0.740676
1.19706 0.745105
1.20331 0.752073
1.20408 0.752915
1.2107 0.76014
1.21763 0.767594
1.21841 0.768428
1.22557 0.776029
1.22634 0.776846
1.23328 0.784098
1.23406 0.784908
1.24049 0.791493
1.24778 0.7988
1.25311 0.804033
1.2534 0.804308
1.25616 0.806978
1.25691 0.807696
1.26347 0.813903
1.27018 0.820127
1.27091 0.8208
1.27888 0.828013
1.27964 0.828692
1.28416 0.8327
1.29248 0.840001
1.29342 0.840824
1.30184 0.848182
1.30286 0.849068
1.31231 0.857272
1.31334 0.858166
1.31865 0.862751
1.32714 0.870051
1.33674 0.878258
1.33762 0.879
1.34304 0.883606
1.34832 0.888079
1.35364 0.892565
1.36216 0.89972
1.36304 0.900458
1.37181 0.907783
1.37269 0.90852
1.38041 0.914934
1.39116 0.923823
1.39209 0.924582
1.39329 0.925575
1.39866 0.929981
1.40733 0.937077
1.41592 0.944064
1.41687 0.94483
1.42673 0.952804
1.4277 0.95359
1.43322 0.958022
1.44154 0.96467
1.44246 0.965403
1.45065 0.971869
1.45163 0.972632
1.45961 0.978843
1.4686 0.985731
1.4695 0.986415
1.47459 0.990254
1.48253 0.996178
1.48341 0.996828
1.49223 1.00328
1.49306 1.00388
1.49786 1.00732
1.50519 1.01249
1.50594 1.01302
1.51437 1.01879
1.51518 1.01933
1.5199 1.02249
1.52737 1.02737
1.5283 1.02798
1.53585 1.03278
1.5444 1.03807
1.54526 1.03859
1.54912 1.04093
1.55739 1.04581
1.55812 1.04623
1.56287 1.04896
1.57023 1.05307
1.57102 1.0535
1.57854 1.05756
1.57944 1.05803
1.58688 1.0619
1.59438 1.06567
1.59513 1.06603
1.60289 1.06979
1.6037 1.07017
1.61148 1.07379
1.61241 1.07421
1.62198 1.07849
1.62489 1.07975
1.63269 1.08303
1.63347 1.08334
1.64242 1.08693
1.64326 1.08726
1.64826 1.08919
1.65714 1.09248
1.65954 1.09336
1.66407 1.09498
1.66433 1.09507
1.66529 1.0954
1.67282 1.09793
1.67379 1.09825
1.67877 1.09985
1.68658 1.10228
1.69471 1.10469
1.69557 1.10493
1.7053 1.10765
1.70622 1.10789
1.71173 1.10936
1.72043 1.11159
1.72133 1.11181
1.73022 1.11397
1.73132 1.11423
1.74023 1.11628
1.74917 1.11824
1.75014 1.11844
1.76031 1.12053
1.76126 1.12072
1.76696 1.12182
1.77585 1.12347
1.77683 1.12364
1.78597 1.12522
1.78703 1.1254
1.79269 1.12632
1.80172 1.1277
1.81071 1.12897
1.81169 1.12911
1.82086 1.1303
1.82183 1.13042
1.83218 1.13163
1.83314 1.13174
1.83889 1.13234
1.84792 1.13322
1.84902 1.13332
1.85929 1.13419
1.86846 1.13485
1.86944 1.13492
1.87864 1.13547
1.87963 1.13553
1.88531 1.13582
1.89445 1.1362
1.89537 1.13623
1.90467 1.1365
1.90578 1.13653
1.91144 1.13664
1.92054 1.13674
1.92964 1.13674
1.93055 1.13673
1.93985 1.13662
1.94415 1.13653
1.94518 1.13651
1.95268 1.13628
1.95378 1.13624
1.95944 1.13601
1.96839 1.13556
1.97749 1.13501
1.97849 1.13494
1.98897 1.13417
1.9899 1.1341
1.99573 1.1336
2.0047 1.13277
2.00568 1.13267
2.01593 1.13158
2.01694 1.13147
2.02274 1.13079
2.02842 1.13008
2.03407 1.12934
2.04421 1.12792
2.04516 1.12778
2.05426 1.12638
2.05536 1.12621
2.06075 1.12532
2.06428 1.12472
2.06433 1.12471
2.06433 1.12471
2.06439 1.1247
2.06439 1.1247
2.06436 1.12471
2.06435 1.12471
2.06434 1.12471
2.06434 1.12471
2.06434 1.12471
2.06434 1.12471
2.06434 1.12471
2.0643 1.12472
2.06428 1.12472
2.06428 1.12472
2.06432 1.12471
2.06432 1.12471
2.06432 1.12471
2.06432 1.12471
2.06432 1.12471
2.06432 1.12471
2.06432 1.12471
2.06432 1.12471
2.06432 1.12471
2.06432 1.12471
2.06432 1.12471
2.06432 1.12471
2.06432 1.12471
2.06432 1.12471
2.06432 1.12471
2.06432 1.12471
2.06432 1.12471
2.06432 1.12471
2.06432 1.12471
2.06432 1.12471
2.06432 1.12471
2.06432 1.12471
2.06432 1.12471
2.06432 1.12471
2.06432 1.12471
2.06432 1.12471
2.06432 1.12471
2.06432 1.12471
2.06432 1.12471
2.06432 1.12471
2.06432 1.12471
2.06432 1.12471
2.06432 1.12471
2.06432 1.12471
2.06736 1.12418
2.06838 1.124
2.07454 1.1229
2.08508 1.12096
2.09572 1.11896
2.09673 1.11876
2.1073 1.1167
2.10833 1.1165
2.1189 1.11438
2.12017 1.11412
2.13047 1.11198
2.14072 1.1098
2.1419 1.10955
2.1534 1.10703
2.16199 1.10511
2.16253 1.10498
2.16298 1.10488
2.16422 1.1046
2.17187 1.10283
2.17308 1.10254
2.17929 1.10108
2.19065 1.09834
2.19704 1.09677
2.19838 1.09644
2.20509 1.09477
2.21171 1.0931
2.21827 1.09144
2.23005 1.0884
2.23525 1.08704
2.24568 1.08429
2.24675 1.084
2.25881 1.08075
2.2599 1.08046
2.26665 1.07861
2.2732 1.07681
2.28393 1.07382
2.28513 1.07349
2.29476 1.07079
2.2954 1.07061
2.29708 1.07014
2.2972 1.0701
2.2972 1.0701
2.29713 1.07013
2.2971 1.07013
2.29819 1.06983
2.29964 1.06942
2.30543 1.06779
2.30604 1.06761
2.30951 1.06663
2.31656 1.06465
2.31731 1.06444
2.32376 1.06262
2.32411 1.06252
2.32593 1.06201
2.32625 1.06192
2.32626 1.06191
2.32631 1.0619
2.32617 1.06194
2.32616 1.06194
2.32615 1.06194
2.32615 1.06194
2.32615 1.06194
2.32615 1.06194
2.32615 1.06195
2.32614 1.06195
2.32613 1.06195
2.32612 1.06195
2.32612 1.06195
2.32612 1.06195
2.3264 1.06188
2.33228 1.06022
2.33298 1.06002
2.33766 1.0587
2.34262 1.0573
2.34317 1.05714
2.34864 1.0556
2.34931 1.05541
2.35284 1.05442
2.36051 1.05225
2.369 1.04986
2.36988 1.04961
2.37851 1.04717
2.3794 1.04692
2.38802 1.04449
2.38909 1.04419
2.39817 1.04162
2.40745 1.039
2.40851 1.03871
2.41856 1.03587
2.41968 1.03555
2.43036 1.03253
2.43161 1.03218
2.44274 1.02903
2.44885 1.0273
2.44993 1.027
2.45948 1.0243
2.46943 1.02148
2.47056 1.02116
2.47679 1.0194
2.48664 1.01661
2.48771 1.01631
2.49744 1.01356
2.49848 1.01326
2.50671 1.01094
2.51435 1.00878
2.51521 1.00854
2.52384 1.0061
2.52478 1.00583
2.53522 1.00288
2.53661 1.00248
2.54954 0.998827
2.55095 0.998429
2.55807 0.996415
2.5684 0.993491
2.5778 0.990827
2.57873 0.990562
2.5885 0.987791
2.58946 0.987517
2.59569 0.985751
2.60519 0.98304
2.60629 0.982722
2.61203 0.98105
2.62007 0.978623
2.62797 0.976112
2.62879 0.975845
2.63715 0.973066
2.63815 0.972729
2.64755 0.969555
2.64873 0.969158
2.65806 0.96599
2.66445 0.963733
2.66507 0.963509
2.67039 0.961485
2.67111 0.9612
2.68106 0.957257
2.68202 0.956878
2.69198 0.952904
2.69278 0.95258
2.69797 0.95047
2.70246 0.948595
2.71123 0.944879
2.71232 0.944416
2.72133 0.940595
2.73145 0.936301
2.73263 0.935797
2.74478 0.930644
2.74594 0.930148
2.75278 0.927246
2.76383 0.922553
2.76492 0.922087
2.77602 0.917369
2.77737 0.916796
2.78414 0.913921
2.79499 0.909312
2.80583 0.9047
2.807 0.904206
2.8181 0.899488
2.81926 0.898992
2.83022 0.894332
2.83157 0.893758
2.84241 0.889151
2.85611 0.883325
2.85728 0.882831
2.85863 0.882255
2.86543 0.879366
2.87224 0.876472
2.88446 0.871279
2.88581 0.870702
2.89651 0.866158
2.90837 0.861116
2.9095 0.860635
2.91623 0.857779
2.92265 0.855051
2.93288 0.850709
2.93393 0.850261
2.94413 0.84593
2.94523 0.845461
2.95544 0.841125
2.95668 0.8406
2.96802 0.835783
2.96925 0.835259
2.97561 0.832561
2.98648 0.827938
2.99745 0.823279
2.99856 0.822806
3.01092 0.817551
3.01206 0.817068
3.01903 0.814105
3.02992 0.80948
3.03105 0.808998
3.04177 0.804447
3.04297 0.803938
3.05315 0.799615
3.06353 0.795209
3.06473 0.794698
3.07545 0.790148
3.07664 0.789641
3.08718 0.785152
3.08836 0.78465
3.09729 0.780781
3.10613 0.776866
3.1072 0.776385
3.11726 0.771857
3.11836 0.77136
3.12798 0.767009
3.12893 0.766573
3.13759 0.762547
3.14076 0.761015
3.1413 0.760744
3.1454 0.75863
3.14923 0.756512
3.14967 0.756257
3.15421 0.753554
3.15482 0.753183
3.15994 0.749939
3.16053 0.749554
3.16376 0.74741
3.17233 0.741566
3.17336 0.740849
3.17865 0.737175
3.18749 0.730985
3.19651 0.72461
3.19746 0.723943
3.20739 0.716858
3.20835 0.71617
3.21402 0.712094
3.22298 0.705621
3.22393 0.704926
3.23282 0.698451
3.23386 0.697686
3.24215 0.691571
3.24995 0.685733
3.25077 0.685114
3.25965 0.678329
3.2605 0.677675
3.26531 0.673936
3.27278 0.668043
3.27358 0.667401
3.28065 0.661686
3.28141 0.661066
3.28557 0.657627
3.29126 0.652799
3.29641 0.648274
3.29698 0.647758
3.30206 0.643083
3.3026 0.642575
3.3085 0.636901
3.30903 0.636373
3.31241 0.633006
3.31851 0.626729
3.31909 0.626126
3.32255 0.622447
3.32589 0.618843
3.33102 0.613148
3.33163 0.612464
3.33658 0.606757
3.33959 0.603194
3.3448 0.596839
3.34528 0.59623
3.3481 0.592666
3.35093 0.589008
3.35379 0.585214
3.3584 0.57893
3.35887 0.578287
3.36367 0.571521
3.36416 0.570819
3.36724 0.566348
3.37254 0.558539
3.37318 0.557595
3.37851 0.549599
3.38373 0.541738
3.38425 0.540949
3.38941 0.533178
3.38993 0.532389
3.39541 0.524131
3.39593 0.523356
3.39898 0.518753
3.40451 0.510424
3.40522 0.509343
3.41114 0.500428
3.41486 0.494818
3.41858 0.489216
3.426 0.478044
3.42664 0.477074
3.42739 0.47595
3.43107 0.470412
3.43697 0.461529
3.44354 0.451625
3.44415 0.45071
3.44783 0.445168
3.45362 0.436433
3.45421 0.435543
3.45992 0.426941
3.46048 0.426104
3.46594 0.417877
3.46659 0.416902
3.4725 0.408013
3.47513 0.404045
3.48069 0.395672
3.48126 0.394807
3.48505 0.389108
3.49096 0.380192
3.49155 0.379302
3.49702 0.371054
3.49763 0.370126
3.50248 0.362733
3.5073 0.355308
3.50784 0.35448
3.51327 0.34601
3.51379 0.345188
3.51681 0.340429
3.52104 0.333619
3.52152 0.332827
3.52673 0.324123
3.52733 0.323116
3.53098 0.31692
3.53685 0.306937
3.53758 0.305682
3.54392 0.294843
3.54455 0.29375
3.54777 0.288194
3.55212 0.280491
3.55252 0.279763
3.5546 0.275945
3.55771 0.269981
3.561 0.263332
3.5613 0.262698
3.56313 0.258807
3.56588 0.252687
3.56616 0.252031
3.56897 0.245371
3.5693 0.24459
3.57229 0.237113
3.57264 0.236208
3.57445 0.23152
3.57725 0.223934
3.57987 0.216502
3.58011 0.215776
3.58291 0.20732
3.58315 0.206571
3.58465 0.201799
3.58679 0.194618
3.58702 0.193843
3.58907 0.186454
3.58931 0.185564
3.59142 0.177311
3.59162 0.176485
3.5927 0.171937
3.59433 0.164622
3.59529 0.160024
3.59617 0.155565
3.5976 0.147589
3.59774 0.146813
3.59898 0.138861
3.59909 0.138093
3.60004 0.130982
3.60014 0.130179
3.60065 0.125738
3.60137 0.11861
3.60144 0.117805
3.602 0.110666
3.60206 0.109863
3.60247 0.102733
3.60266 0.0983189
3.60285 0.0911965
3.60287 0.0903853
3.60291 0.0831887
3.60291 0.0824215
3.60285 0.0779321
3.60266 0.0708592
3.60263 0.0700044
3.60229 0.0628434
3.60182 0.0557673
3.60176 0.055063
3.60113 0.0479075
3.60107 0.0472402
3.60028 0.0400063
3.60018 0.0391515
3.59961 0.0346838
3.59858 0.0274794
3.59727 0.01937
3.59714 0.018587
3.59581 0.0113679
3.59566 0.0106312
3.59474 0.00605676
3.59305 -0.0018121
3.59282 -0.00280301
3.59055 -0.0126152
3.59031 -0.0136243
3.58898 -0.0190771
3.58647 -0.0289424
3.58621 -0.0299301
3.58475 -0.0354019
3.58236 -0.0440542
3.58206 -0.0450949
3.57925 -0.0547764
3.57894 -0.0558208
3.57731 -0.0611709
3.57562 -0.0666098
3.57358 -0.0730758
3.57073 -0.0823201
3.57051 -0.0830418
3.5688 -0.0890306
3.56671 -0.0970036
3.5665 -0.097828
3.56529 -0.1028
3.563 -0.112493
3.56277 -0.113507
3.56051 -0.123403
3.56027 -0.124494
3.55807 -0.134533
3.55782 -0.135733
3.55652 -0.141854
3.55424 -0.152975
3.55231 -0.162762
3.55211 -0.163784
3.55023 -0.173732
3.55004 -0.174793
3.54822 -0.184827
3.54804 -0.185865
3.5459 -0.198169
3.54568 -0.199415
3.54366 -0.211215
3.54341 -0.212635
3.54216 -0.219891
3.54092 -0.227155
3.53967 -0.234425
3.53717 -0.248998
3.53694 -0.250303
3.5357 -0.257579
3.5337 -0.269214
3.53346 -0.270634
