-0.508287 -2.19294
-0.508287 -2.19294
-0.508287 -2.19294
-0.508287 -2.19294
-0.508287 -2.19294
-0.508287 -2.19294
-0.508287 -2.19294
-0.508287 -2.19294
-0.508287 -2.19294
-0.508287 -2.19294
-0.508287 -2.19294
-0.508287 -2.19294
-0.508287 -2.19294
-0.508287 -2.19294
-0.508287 -2.19294
-0.508287 -2.19294
-0.508287 -2.19294
-0.508287 -2.19294
-0.508287 -2.19294
-0.508287 -2.19294
-0.508287 -2.19294
-0.508287 -2.19294
-0.508287 -2.19294
-0.508287 -2.19294
-0.508287 -2.19294
-0.508287 -2.19294
-0.508287 -2.19294
-0.508287 -2.19294
-0.508287 -2.19294
-0.508287 -2.19294
-0.508287 -2.19294
-0.508287 -2.19294
-0.508287 -2.19294
-0.508287 -2.19294
-0.508287 -2.19294
-0.508287 -2.19294
-0.508287 -2.19294
-0.508287 -2.19294
-0.508287 -2.19294
-0.508287 -2.19294
-0.508287 -2.19294
-0.508351 -2.19292
-0.509467 -2.19248
-0.512807 -2.19122
-0.520057 -2.18865
-0.522151 -2.18796
-0.529197 -2.18571
-0.532364 -2.18475
-0.537697 -2.18321
-0.546283 -2.18098
-0.548429 -2.18048
-0.55507 -2.17903
-0.559548 -2.17816
-0.565089 -2.1772
-0.574916 -2.1758
-0.57604 -2.17567
-0.583496 -2.17491
-0.586791 -2.17465
-0.592201 -2.17431
-0.598515 -2.17407
-0.599978 -2.17404
-0.607232 -2.174
-0.610587 -2.17405
-0.616004 -2.17423
-0.622126 -2.17458
-0.623593 -2.17468
-0.630863 -2.17533
-0.634074 -2.17569
-0.63942 -2.17637
-0.648219 -2.17776
-0.650446 -2.17816
-0.657037 -2.17947
-0.661352 -2.18043
-0.666757 -2.18174
-0.675232 -2.18407
-0.677347 -2.1847
-0.6837 -2.18671
-0.687878 -2.18814
-0.693972 -2.19037
-0.698048 -2.19196
-0.703239 -2.19411
-0.711333 -2.19775
-0.713339 -2.1987
-0.719362 -2.2017
-0.723234 -2.20373
-0.728028 -2.20638
-0.73661 -2.21146
-0.737544 -2.21204
-0.743999 -2.21622
-0.746727 -2.21807
-0.751243 -2.22125
-0.758318 -2.22655
-0.760059 -2.22791
-0.765196 -2.23209
-0.768564 -2.23495
-0.772691 -2.23861
-0.779129 -2.24464
-0.780706 -2.24619
-0.785407 -2.25096
-0.788412 -2.25415
-0.7921 -2.25822
-0.796066 -2.26281
-0.79705 -2.26399
-0.801003 -2.26886
-0.80371 -2.27234
-0.807009 -2.27676
-0.811974 -2.28383
-0.81318 -2.28563
-0.816808 -2.29125
-0.819156 -2.29508
-0.821967 -2.29987
-0.82497 -2.30527
-0.825693 -2.30662
-0.829052 -2.31317
-0.830519 -2.31619
-0.832816 -2.32114
-0.835267 -2.32675
-0.835842 -2.32812
-0.838602 -2.33506
-0.839759 -2.33816
-0.841556 -2.34325
-0.843447 -2.34902
-0.843906 -2.3505
-0.845676 -2.35652
-0.846808 -2.3607
-0.848146 -2.36605
-0.849522 -2.37217
-0.849837 -2.37368
-0.851043 -2.37996
-0.851782 -2.38432
-0.852597 -2.38977
-0.853645 -2.39848
-0.853857 -2.40065
-0.854455 -2.40829
-0.854642 -2.41161
-0.854854 -2.41713
-0.854947 -2.42329
-0.854947 -2.42491
-0.854843 -2.43124
-0.854676 -2.43565
-0.854357 -2.44116
-0.85359 -2.45
-0.85335 -2.4522
-0.85236 -2.45986
-0.851867 -2.46311
-0.850957 -2.46847
-0.849235 -2.47712
-0.84876 -2.47926
-0.847176 -2.48583
-0.846036 -2.49014
-0.844528 -2.4954
-0.841842 -2.50386
-0.841128 -2.50595
-0.838875 -2.51218
-0.837279 -2.5163
-0.83476 -2.5224
-0.833011 -2.52639
-0.830744 -2.53131
-0.827947 -2.53705
-0.827223 -2.53848
-0.824264 -2.54414
-0.822164 -2.54797
-0.818905 -2.55366
-0.816633 -2.55746
-0.813722 -2.56214
-0.808823 -2.56963
-0.807574 -2.57146
-0.803841 -2.57678
-0.801547 -2.57993
-0.798551 -2.58389
-0.793104 -2.59076
-0.791717 -2.59246
-0.787482 -2.5975
-0.784584 -2.60085
-0.780115 -2.60585
-0.777118 -2.60911
-0.773358 -2.61309
-0.767169 -2.6194
-0.765608 -2.62095
-0.760933 -2.62549
-0.758282 -2.62799
-0.754944 -2.63103
-0.74833 -2.63685
-0.746679 -2.63826
-0.740778 -2.64321
-0.738199 -2.64531
-0.734021 -2.64866
-0.728404 -2.65299
-0.726709 -2.65425
-0.720471 -2.6588
-0.717793 -2.66071
-0.713329 -2.66384
-0.708146 -2.66741
-0.706808 -2.66832
-0.701626 -2.67181
-0.698737 -2.6737
-0.695426 -2.67581
-0.689968 -2.67913
-0.688123 -2.68021
-0.682289 -2.68359
-0.678454 -2.68576
-0.673596 -2.68846
-0.665849 -2.69265
-0.663905 -2.69368
-0.657104 -2.69722
-0.654179 -2.69871
-0.649295 -2.70117
-0.641378 -2.70505
-0.639338 -2.70603
-0.633357 -2.70886
-0.630066 -2.71039
-0.627325 -2.71167
-0.622433 -2.71391
-0.620673 -2.71469
-0.613564 -2.71779
-0.610573 -2.71907
-0.605528 -2.7212
-0.599894 -2.72356
-0.598519 -2.72413
-0.591743 -2.72694
-0.588671 -2.72819
-0.583749 -2.73017
-0.577796 -2.73247
-0.575943 -2.73316
-0.568618 -2.73584
-0.565518 -2.73696
-0.560316 -2.7388
-0.551993 -2.74169
-0.549919 -2.7424
-0.543675 -2.74449
-0.539519 -2.74586
-0.534265 -2.74757
-0.525794 -2.75026
-0.523663 -2.75093
-0.516265 -2.7532
-0.513097 -2.75416
-0.507814 -2.75574
-0.49936 -2.7582
-0.497227 -2.75881
-0.490889 -2.76061
-0.486622 -2.76179
-0.481331 -2.76324
-0.472744 -2.76555
-0.470631 -2.7661
-0.46311 -2.76806
-0.459929 -2.76888
-0.454581 -2.77023
-0.446021 -2.77235
-0.443889 -2.77287
-0.437571 -2.77439
-0.434228 -2.77517
-0.430916 -2.77591
-0.421771 -2.77787
-0.420669 -2.7781
-0.4131 -2.77967
-0.409869 -2.78032
-0.404426 -2.78142
-0.394652 -2.78335
-0.39359 -2.78355
-0.385983 -2.78501
-0.382743 -2.78562
-0.377418 -2.78662
-0.371339 -2.78777
-0.3698 -2.78807
-0.3636 -2.78926
-0.359253 -2.79009
-0.353815 -2.79111
-0.345118 -2.79272
-0.342987 -2.79311
-0.33644 -2.79429
-0.332079 -2.79506
-0.326706 -2.79601
-0.320598 -2.79709
-0.319043 -2.79738
-0.312872 -2.7985
-0.309444 -2.79912
-0.306206 -2.79966
-0.301428 -2.80044
-0.295976 -2.8013
-0.287236 -2.80265
-0.285092 -2.80298
-0.278795 -2.80393
-0.275426 -2.80443
-0.272185 -2.80488
-0.262909 -2.80609
-0.26183 -2.80623
-0.254132 -2.8072
-0.250827 -2.80761
-0.245475 -2.80827
-0.239526 -2.80896
-0.237839 -2.80914
-0.230374 -2.80993
-0.227144 -2.81026
-0.221703 -2.81082
-0.212899 -2.81172
-0.210711 -2.81194
-0.202922 -2.81272
-0.199632 -2.81305
-0.194159 -2.81359
-0.187991 -2.81423
-0.186411 -2.8144
-0.180223 -2.81508
-0.176804 -2.81545
-0.173638 -2.81576
-0.165584 -2.81651
-0.163416 -2.81671
-0.156957 -2.81729
-0.15262 -2.81768
-0.147082 -2.81817
-0.138118 -2.81896
-0.135913 -2.81915
-0.129351 -2.81973
-0.125822 -2.82004
-0.122822 -2.82033
-0.117968 -2.82079
-0.116316 -2.82094
-0.108823 -2.8216
-0.105552 -2.82189
-0.100106 -2.82237
-0.0941133 -2.82292
-0.0926414 -2.82307
-0.0853436 -2.8238
-0.0820682 -2.82413
-0.0766126 -2.82468
-0.0704518 -2.82533
-0.0690176 -2.82549
-0.0617466 -2.82632
-0.0584539 -2.8267
-0.053017 -2.82732
-0.0469171 -2.82804
-0.0453426 -2.82824
-0.039141 -2.82902
-0.0357146 -2.82944
-0.0326991 -2.82979
-0.0280151 -2.83026
-0.0263689 -2.83041
-0.0188592 -2.83107
-0.0155852 -2.83136
-0.0101587 -2.83184
-0.00410832 -2.8324
-0.0026777 -2.83254
0.00342263 -2.83316
0.00780145 -2.8336
0.013317 -2.83416
0.0221988 -2.83506
0.0243897 -2.83528
0.0310039 -2.83595
0.0354464 -2.83639
0.0409324 -2.83694
0.0497384 -2.83782
0.0519324 -2.83804
0.0596377 -2.83881
0.0629083 -2.83913
0.0683813 -2.83967
0.0771445 -2.84053
0.0793388 -2.84075
0.0858203 -2.84138
0.0892156 -2.84171
0.0924948 -2.842
0.0996394 -2.84259
0.102959 -2.84287
0.109491 -2.8434
0.113845 -2.84376
0.119251 -2.8442
0.12537 -2.84474
0.126835 -2.84488
0.133083 -2.84549
0.137468 -2.84592
0.142985 -2.84647
0.151842 -2.84734
0.154063 -2.84756
0.160566 -2.84821
0.164116 -2.84857
0.167151 -2.84889
0.172171 -2.84943
0.173818 -2.8496
0.180259 -2.85026
0.184646 -2.8507
0.19011 -2.85126
0.199848 -2.85224
0.200944 -2.85235
0.20876 -2.85314
0.212525 -2.85354
0.21845 -2.85424
0.227264 -2.85553
0.229486 -2.85591
0.237207 -2.85737
0.240532 -2.85808
0.246025 -2.85935
0.254614 -2.8616
0.256668 -2.86218
0.262774 -2.86404
0.266923 -2.86541
0.273126 -2.8676
0.277387 -2.86921
0.282611 -2.87131
0.290754 -2.87486
0.292745 -2.87578
0.298577 -2.8786
0.301573 -2.88013
0.304059 -2.88143
0.30537 -2.88213
0.305853 -2.88239
0.309057 -2.88416
0.312639 -2.88621
0.31735 -2.88902
0.324606 -2.89364
0.326424 -2.89486
0.331878 -2.89864
0.335539 -2.9013
0.339947 -2.90464
0.34463 -2.90836
0.345883 -2.90939
0.350778 -2.91353
0.354085 -2.91646
0.358134 -2.92019
0.364445 -2.92635
0.365991 -2.92792
0.370575 -2.93276
0.373533 -2.93603
0.377071 -2.94009
0.382623 -2.94685
0.38397 -2.94856
0.388057 -2.95396
0.390678 -2.95758
0.39385 -2.96216
0.398689 -2.9696
0.399829 -2.97144
0.403789 -2.97812
0.405392 -2.98097
0.408016 -2.98583
0.411934 -2.9936
0.412879 -2.99559
0.415641 -3.00165
0.417404 -3.00577
0.419497 -3.01093
0.422583 -3.01923
0.423306 -3.02132
0.425332 -3.0275
0.426328 -3.03076
0.427162 -3.03362
0.429427 -3.04212
0.429679 -3.04315
0.431381 -3.05065
0.43203 -3.05383
0.433029 -3.0592
0.434414 -3.06807
0.434704 -3.07025
0.435465 -3.07684
0.435791 -3.08027
0.436039 -3.0833
0.436558 -3.09227
0.436599 -3.09338
0.436753 -3.10109
0.436746 -3.10441
0.43664 -3.10982
0.436346 -3.11652
0.436299 -3.11731
0.435737 -3.12476
0.435422 -3.128
0.434801 -3.13341
0.433556 -3.14208
0.433199 -3.14423
0.431968 -3.1509
0.43106 -3.15527
0.429829 -3.16065
0.427626 -3.16916
0.427041 -3.17123
0.425143 -3.17754
0.423784 -3.18174
0.421977 -3.187
0.418899 -3.19525
0.418089 -3.1973
0.415598 -3.20333
0.413866 -3.2073
0.411631 -3.21221
0.408024 -3.21963
0.407026 -3.22158
0.403944 -3.22741
0.402277 -3.23045
0.40085 -3.233
0.399699 -3.23504
0.399498 -3.2354
0.396849 -3.24003
0.39522 -3.2428
0.392429 -3.24741
0.389355 -3.25233
0.388495 -3.25368
0.384344 -3.26002
0.382489 -3.26276
0.379321 -3.26731
0.374815 -3.27349
0.373495 -3.27523
0.36944 -3.28045
0.366684 -3.2839
0.36316 -3.28819
0.357429 -3.29492
0.355969 -3.29659
0.351572 -3.30151
0.348603 -3.30474
0.344933 -3.30865
0.340244 -3.31353
0.339664 -3.31413
0.334398 -3.31946
0.332091 -3.32173
0.328249 -3.32546
0.32189 -3.33144
0.320214 -3.33298
0.315177 -3.33753
0.311791 -3.34051
0.306766 -3.34483
0.303398 -3.34766
0.299161 -3.35116
0.292251 -3.35669
0.290538 -3.35804
0.285377 -3.36202
0.282644 -3.36409
0.280183 -3.36595
0.273022 -3.37128
0.272173 -3.3719
0.265894 -3.37642
0.263209 -3.37832
0.258846 -3.38135
0.25384 -3.38478
0.252495 -3.3857
0.246249 -3.38989
0.243475 -3.39172
0.238838 -3.39474
0.231353 -3.39948
0.229494 -3.40063
0.223805 -3.40411
0.2188 -3.40714
0.215282 -3.40923
0.208594 -3.41309
0.20573 -3.41471
0.200925 -3.41739
0.192188 -3.42214
0.191229 -3.42265
0.184379 -3.42626
0.181422 -3.42779
0.176625 -3.43023
0.170788 -3.4331
0.169077 -3.43392
0.163181 -3.43668
0.160069 -3.43812
0.157287 -3.43942
0.149139 -3.44318
0.148183 -3.44362
0.141179 -3.44677
0.138123 -3.44812
0.133064 -3.45032
0.124924 -3.4538
0.122885 -3.45465
0.116776 -3.45718
0.112696 -3.45884
0.107588 -3.46088
0.0993286 -3.46412
0.0973048 -3.4649
0.0912006 -3.46723
0.0880194 -3.46843
0.085375 -3.46943
0.0815604 -3.47092
0.080935 -3.47117
0.0744527 -3.47374
0.0714058 -3.47493
0.0663024 -3.47691
0.0570332 -3.48041
0.0560451 -3.48078
0.0487135 -3.48347
0.0455988 -3.48459
0.0404285 -3.48644
0.0343994 -3.48851
0.0327203 -3.48906
0.0266049 -3.49106
0.0233435 -3.49211
0.0206048 -3.493
0.0171716 -3.49416
0.0158988 -3.4946
0.00919529 -3.49691
0.00609913 -3.49796
0.000903068 -3.4997
-0.00748631 -3.50246
-0.00956309 -3.50313
-0.0158134 -3.50513
-0.0191778 -3.5062
-0.0218975 -3.50707
-0.0253522 -3.50821
-0.0266272 -3.50865
-0.0333861 -3.51094
-0.0365053 -3.51198
-0.0416751 -3.51369
-0.0477474 -3.51562
-0.0493463 -3.51611
-0.0555007 -3.51796
-0.0596077 -3.51917
-0.0647338 -3.52067
-0.0734414 -3.52316
-0.0755876 -3.52376
-0.0820881 -3.52557
-0.0863495 -3.52674
-0.0915526 -3.52814
-0.097351 -3.52971
-0.0988866 -3.53013
-0.106094 -3.5321
-0.109291 -3.53296
-0.114641 -3.53438
-0.123179 -3.5366
-0.125291 -3.53714
-0.131724 -3.53877
-0.135997 -3.53984
-0.141254 -3.54113
-0.149714 -3.54318
-0.151851 -3.54369
-0.159525 -3.54549
-0.162808 -3.54625
-0.168148 -3.54747
-0.174206 -3.54879
-0.175811 -3.54913
-0.183225 -3.55064
-0.186441 -3.55129
-0.191733 -3.55234
-0.197823 -3.55349
-0.199428 -3.55378
-0.205817 -3.55491
-0.210159 -3.55566
-0.215615 -3.55659
-0.224324 -3.55805
-0.226458 -3.55841
-0.233045 -3.55949
-0.237382 -3.56019
-0.242827 -3.56106
-0.251566 -3.56243
-0.253748 -3.56277
-0.260234 -3.56377
-0.26367 -3.56428
-0.266777 -3.56472
-0.271585 -3.56532
-0.273156 -3.5655
-0.279513 -3.56621
-0.283951 -3.5667
-0.289441 -3.5673
-0.298232 -3.56824
-0.3004 -3.56847
-0.306918 -3.56915
-0.310396 -3.56951
-0.313508 -3.5698
-0.318196 -3.57017
-0.319685 -3.57028
-0.327075 -3.57077
-0.330341 -3.57098
-0.335868 -3.57134
-0.344702 -3.57192
-0.346888 -3.57206
-0.353517 -3.57248
-0.357923 -3.57277
-0.363444 -3.57312
-0.372216 -3.57368
-0.374413 -3.57382
-0.38102 -3.57424
-0.385396 -3.57451
-0.390904 -3.57486
-0.399729 -3.57541
-0.401913 -3.57554
-0.40857 -3.57596
-0.412971 -3.57623
-0.418457 -3.57657
-0.428411 -3.57719
-0.429515 -3.57726
-0.437224 -3.57774
-0.440532 -3.57794
-0.445917 -3.57828
-0.45191 -3.57869
-0.45358 -3.57881
-0.459972 -3.5793
-0.46432 -3.57963
-0.469787 -3.58005
-0.477447 -3.58063
-0.480752 -3.58088
-0.487392 -3.58138
-0.491828 -3.58171
-0.497375 -3.58213
-0.506165 -3.58278
-0.508386 -3.58295
-0.514891 -3.58343
-0.518303 -3.58369
-0.521611 -3.58397
-0.529759 -3.58468
-0.531909 -3.58487
-0.538404 -3.58544
-0.541777 -3.58575
-0.544924 -3.58605
-0.553978 -3.58698
-0.55507 -3.5871
-0.562793 -3.5879
-0.566021 -3.58823
-0.571325 -3.58878
-0.575116 -3.58917
-0.575396 -3.5892
-0.580059 -3.58962
-0.583249 -3.58986
-0.588794 -3.59018
-0.597422 -3.59044
-0.59955 -3.59045
-0.606255 -3.59039
-0.610731 -3.59024
-0.616425 -3.58995
-0.6254 -3.58922
-0.627604 -3.58899
-0.634058 -3.58821
-0.638365 -3.58759
-0.64365 -3.58672
-0.649579 -3.58561
-0.651193 -3.58528
-0.657494 -3.58389
-0.661733 -3.58286
-0.668092 -3.58116
-0.672269 -3.57995
-0.677628 -3.57828
-0.686063 -3.57538
-0.688139 -3.57461
-0.695333 -3.57179
-0.698389 -3.57051
-0.703443 -3.5683
-0.711419 -3.56452
-0.713393 -3.56353
-0.719248 -3.56047
-0.723085 -3.55836
-0.727839 -3.55561
-0.735431 -3.55093
-0.73722 -3.54977
-0.742773 -3.54604
-0.746389 -3.54349
-0.750751 -3.54028
-0.755535 -3.53659
-0.756806 -3.53558
-0.761761 -3.5315
-0.76511 -3.52863
-0.76919 -3.52498
-0.775545 -3.51896
-0.777112 -3.51741
-0.781712 -3.51269
-0.784037 -3.51021
-0.786068 -3.50799
-0.791236 -3.50208
-0.792653 -3.50039
-0.7975 -3.49438
-0.799521 -3.49176
-0.802808 -3.48733
-0.807829 -3.48015
-0.809026 -3.47836
-0.812555 -3.47286
-0.814867 -3.46909
-0.817685 -3.46427
-0.821986 -3.45641
-0.822986 -3.45449
-0.82591 -3.44863
-0.827733 -3.44477
-0.829881 -3.44
-0.832309 -3.4343
-0.832928 -3.43279
-0.835685 -3.42577
-0.836837 -3.42267
-0.838647 -3.41757
-0.841101 -3.41006
-0.841724 -3.40803
-0.843875 -3.4006
-0.844766 -3.39731
-0.846123 -3.39201
-0.847863 -3.38449
-0.848318 -3.38235
-0.849608 -3.37587
-0.850405 -3.37153
-0.851326 -3.36611
-0.852799 -3.35626
-0.852941 -3.35521
-0.853895 -3.34753
-0.854252 -3.34429
-0.854792 -3.33889
-0.855359 -3.33178
-0.855493 -3.32968
-0.855847 -3.32306
-0.85603 -3.31865
-0.856201 -3.31317
-0.856355 -3.30331
-0.85636 -3.30225
-0.856332 -3.2945
-0.856287 -3.29118
-0.856169 -3.28569
-0.855867 -3.2768
-0.855771 -3.27461
-0.85537 -3.26691
-0.855168 -3.26361
-0.8548 -3.25822
-0.854243 -3.25157
-0.854061 -3.2497
-0.853377 -3.24312
-0.852891 -3.23879
-0.852243 -3.23332
-0.851122 -3.22456
-0.850835 -3.22242
-0.849925 -3.21592
-0.849433 -3.2125
-0.849007 -3.20952
-0.847751 -3.20081
-0.847595 -3.19975
-0.846424 -3.19212
-0.845904 -3.18886
-0.84503 -3.18355
-0.84403 -3.17753
-0.843761 -3.1759
-0.842688 -3.16954
-0.841933 -3.1652
-0.840962 -3.15978
-0.83932 -3.151
-0.838922 -3.14893
-0.837635 -3.14239
-0.836764 -3.13809
-0.835668 -3.13279
-0.834292 -3.12615
-0.834124 -3.12533
-0.832605 -3.11801
-0.83191 -3.11474
-0.830772 -3.10947
-0.829359 -3.10327
-0.828954 -3.10158
-0.827415 -3.09527
-0.826358 -3.09102
-0.824788 -3.0848
-0.823699 -3.08055
-0.822304 -3.07517
-0.820655 -3.06907
-0.820207 -3.06747
-0.818439 -3.06126
-0.817226 -3.05704
-0.815691 -3.05175
-0.813202 -3.04326
-0.812576 -3.04115
-0.810686 -3.03479
-0.80942 -3.03056
-0.807829 -3.02528
-0.805282 -3.01691
-0.804654 -3.01486
-0.802738 -3.00863
-0.801435 -3.00442
-0.799792 -2.99914
-0.798014 -2.99334
-0.797543 -2.99178
-0.795659 -2.98552
-0.794381 -2.98129
-0.792768 -2.976
-0.790193 -2.96762
-0.789553 -2.96555
-0.787601 -2.95928
-0.786287 -2.95509
-0.784662 -2.94994
-0.782617 -2.94336
-0.782385 -2.9426
-0.780189 -2.93541
-0.779228 -2.93227
-0.777622 -2.92707
-0.774999 -2.91865
-0.774326 -2.91651
-0.771984 -2.9091
-0.770985 -2.90595
-0.769311 -2.90071
-0.767377 -2.89482
-0.766882 -2.89335
-0.764475 -2.88629
-0.763408 -2.88318
-0.761633 -2.87803
-0.759591 -2.87222
-0.759087 -2.87082
-0.756582 -2.86392
-0.755459 -2.86084
-0.753584 -2.85569
-0.750561 -2.84739
-0.749812 -2.84533
-0.747535 -2.8391
-0.746316 -2.83578
-0.745241 -2.83292
-0.74362 -2.82877
-0.743066 -2.82739
-0.74073 -2.82161
-0.739082 -2.81754
-0.737024 -2.81242
-0.733766 -2.80428
-0.73295 -2.80223
-0.730521 -2.79612
-0.729214 -2.79284
-0.728097 -2.79008
-0.725997 -2.78488
-0.725683 -2.78409
-0.722921 -2.77709
-0.721713 -2.77401
-0.71974 -2.76898
-0.717342 -2.7627
-0.717058 -2.76194
-0.714476 -2.75499
-0.713341 -2.75193
-0.711408 -2.74672
-0.707925 -2.7373
-0.707556 -2.7363
-0.704871 -2.72904
-0.70372 -2.72592
-0.701796 -2.72071
-0.698741 -2.71244
-0.697979 -2.71038
-0.695688 -2.70418
-0.694162 -2.70005
-0.692259 -2.6949
-0.689193 -2.6866
-0.688433 -2.68455
-0.68616 -2.67839
-0.685004 -2.67523
-0.684008 -2.67246
-0.682539 -2.66818
-0.682039 -2.66668
-0.679709 -2.65965
-0.678676 -2.65655
-0.676965 -2.65142
-0.674946 -2.64553
-0.674414 -2.64401
-0.672275 -2.63798
-0.670796 -2.63383
-0.668945 -2.62864
-0.666009 -2.62044
-0.665289 -2.61844
-0.663042 -2.6122
-0.661526 -2.60799
-0.659616 -2.60269
-0.656611 -2.59439
-0.655852 -2.59229
-0.653597 -2.58608
-0.652087 -2.58192
-0.650213 -2.57678
-0.64719 -2.56849
-0.646434 -2.56642
-0.644194 -2.56029
-0.643012 -2.55704
-0.641964 -2.5541
-0.638976 -2.54557
-0.638622 -2.54456
-0.636127 -2.53744
-0.63506 -2.5344
-0.633251 -2.52926
-0.63119 -2.52333
-0.630641 -2.52172
-0.628554 -2.5156
-0.627118 -2.5114
-0.625325 -2.50618
-0.622432 -2.49783
-0.621714 -2.49576
-0.619541 -2.48954
-0.618098 -2.48542
-0.616306 -2.48033
-0.614222 -2.47454
-0.613685 -2.47309
-0.611456 -2.4671
-0.609917 -2.46299
-0.607983 -2.45783
-0.604877 -2.44956
-0.604098 -2.44748
-0.601799 -2.44137
-0.600585 -2.43813
-0.599521 -2.43522
-0.596836 -2.42777
-0.596102 -2.42572
-0.593501 -2.41849
-0.592383 -2.4154
-0.590531 -2.41029
-0.588349 -2.40439
-0.58781 -2.40297
-0.585564 -2.39708
-0.583989 -2.39297
-0.58163 -2.38681
-0.580075 -2.38275
-0.578139 -2.3777
-0.575863 -2.37187
-0.575297 -2.37045
-0.572976 -2.36466
-0.571672 -2.36139
-0.570504 -2.3584
-0.567238 -2.34988
-0.566853 -2.34887
-0.564122 -2.34171
-0.562953 -2.33865
-0.560984 -2.3335
-0.557824 -2.32523
-0.557028 -2.32315
-0.554647 -2.31694
-0.553064 -2.3128
-0.551082 -2.30763
-0.547918 -2.29938
-0.547129 -2.29732
-0.544763 -2.29115
-0.543191 -2.28706
-0.540819 -2.28089
-0.539226 -2.27675
-0.537319 -2.27179
-0.536208 -2.2689
-0.536208 -2.2689
-0.536205 -2.26889
-0.536201 -2.26888
-0.536192 -2.26886
-0.536183 -2.26883
-0.536183 -2.26883
-0.536184 -2.26884
-0.536188 -2.26885
-0.536193 -2.26886
-0.536199 -2.26887
-0.536199 -2.26887
-0.536199 -2.26887
-0.536199 -2.26887
-0.536199 -2.26887
-0.536199 -2.26887
-0.536199 -2.26887
-0.536199 -2.26887
-0.536199 -2.26887
-0.536199 -2.26887
-0.536199 -2.26887
-0.536199 -2.26887
-0.536199 -2.26887
-0.536199 -2.26887
-0.536199 -2.26887
-0.536199 -2.26887
-0.536199 -2.26887
-0.536199 -2.26887
-0.536199 -2.26887
-0.536199 -2.26887
-0.536199 -2.26887
-0.536199 -2.26887
-0.536199 -2.26887
-0.536199 -2.26887
-0.536199 -2.26887
-0.536199 -2.26887
-0.536199 -2.26887
-0.536199 -2.26887
-0.536199 -2.26887
-0.536199 -2.26887
-0.536199 -2.26887
-0.536199 -2.26887
-0.536199 -2.26887
-0.536199 -2.26887
-0.536199 -2.26887
-0.536199 -2.26887
-0.536199 -2.26887
-0.536199 -2.26887
-0.536199 -2.26887
-0.536199 -2.26887
-0.536199 -2.26887
-0.536199 -2.26887
-0.536199 -2.26887
-0.536199 -2.26887
-0.536199 -2.26887
-0.536199 -2.26887
-0.536199 -2.26887
-0.536199 -2.26887
-0.536199 -2.26887
-0.536199 -2.26887
-0.536199 -2.26887
-0.536199 -2.26887
-0.536199 -2.26887
-0.536199 -2.26887
-0.536199 -2.26887
-0.536199 -2.26887
-0.536199 -2.26887
-0.536199 -2.26887
-0.536199 -2.26887
-0.536199 -2.26887
-0.536199 -2.26887
-0.536199 -2.26887
-0.536199 -2.26887
-0.536199 -2.26887
-0.536199 -2.26887
-0.536199 -2.26887
-0.536199 -2.26887
-0.536199 -2.26887
-0.536199 -2.26887
-0.536199 -2.26887
-0.536199 -2.26887
-0.536199 -2.26887
-0.536199 -2.26887
-0.536199 -2.26887
-0.536199 -2.26887
-0.536199 -2.26887
-0.536199 -2.26887
-0.536199 -2.26887
-0.536199 -2.26887
-0.536199 -2.26887
-0.536199 -2.26887
-0.536199 -2.26887
-0.536199 -2.26887
-0.536199 -2.26887
-0.536199 -2.26887
-0.536199 -2.26887
-0.536199 -2.26887
-0.536199 -2.26887
-0.536199 -2.26887
-0.536199 -2.26887
-0.536199 -2.26887
-0.536199 -2.26887
-0.536199 -2.26887
-0.536199 -2.26887
-0.536199 -2.26887
-0.536199 -2.26887
-0.536199 -2.26887
-0.536199 -2.26887
-0.536199 -2.26887
-0.536199 -2.26887
-0.536199 -2.26887
-0.536199 -2.26887
-0.536199 -2.26887
-0.536199 -2.26887
-0.536199 -2.26887
-0.536199 -2.26887
-0.536199 -2.26887
-0.536199 -2.26887
-0.536199 -2.26887
-0.536199 -2.26887
-0.536199 -2.26887
-0.536199 -2.26887
-0.536199 -2.26887
-0.536199 -2.26887
-0.536199 -2.26887
-0.536199 -2.26887
-0.536199 -2.26887
-0.536199 -2.26887
-0.536199 -2.26887
-0.536199 -2.26887
-0.536199 -2.26887
-0.536199 -2.26887
-0.536199 -2.26887
-0.536199 -2.26887
-0.536199 -2.26887
-0.536199 -2.26887
-0.536199 -2.26887
-0.536199 -2.26887
-0.536199 -2.26887
-0.536199 -2.26887
-0.536199 -2.26887
-0.536199 -2.26887
-0.536199 -2.26887
-0.536199 -2.26887
-0.536199 -2.26887
-0.536199 -2.26887
-0.536199 -2.26887
-0.536199 -2.26887
-0.536199 -2.26887
-0.536199 -2.26887
-0.536199 -2.26887
-0.536199 -2.26887
-0.536199 -2.26887
-0.536199 -2.26887
-0.536199 -2.26887
-0.536199 -2.26887
-0.536199 -2.26887
-0.536199 -2.26887
-0.536199 -2.26887
-0.536199 -2.26887
-0.536199 -2.26887
-0.536199 -2.26887
-0.536199 -2.26887
-0.536199 -2.26887
-0.536199 -2.26887
-0.536199 -2.26887
-0.536199 -2.26887
-0.536199 -2.26887
-0.536199 -2.26887
-0.536199 -2.26887
-0.536199 -2.26887
-0.536199 -2.26887
-0.536199 -2.26887
-0.536199 -2.26887
-0.536199 -2.26887
-0.536199 -2.26887
-0.536199 -2.26887
-0.536199 -2.26887
-0.536199 -2.26887
-0.536199 -2.26887
-0.536199 -2.26887
-0.536199 -2.26887
-0.536199 -2.26887
-0.536199 -2.26887
-0.536199 -2.26887
-0.536199 -2.26887
-0.536199 -2.26887
-0.536199 -2.26887
-0.536199 -2.26887
-0.536199 -2.26887
-0.536199 -2.26887
-0.536199 -2.26887
-0.536199 -2.26887
-0.536199 -2.26887
-0.536199 -2.26887
-0.536199 -2.26887
-0.536199 -2.26887
-0.536199 -2.26887
-0.536199 -2.26887
-0.536199 -2.26887
-0.536199 -2.26887
-0.536199 -2.26887
-0.536199 -2.26887
-0.536199 -2.26887
-0.536199 -2.26887
-0.536199 -2.26887
-0.536199 -2.26887
-0.536199 -2.26887
-0.536199 -2.26887
-0.536199 -2.26887
-0.536199 -2.26887
-0.536199 -2.26887
-0.536199 -2.26887
-0.536199 -2.26887
-0.536199 -2.26887
-0.536199 -2.26887
-0.536199 -2.26887
-0.536199 -2.26887
-0.536199 -2.26887
-0.536199 -2.26887
-0.536199 -2.26887
-0.536199 -2.26887
-0.536199 -2.26887
-0.536199 -2.26887
-0.536199 -2.26887
-0.536199 -2.26887
-0.536199 -2.26887
-0.536199 -2.26887
-0.536199 -2.26887
-0.536199 -2.26887
-0.536199 -2.26887
-0.536199 -2.26887
-0.536199 -2.26887
-0.536199 -2.26887
-0.536199 -2.26887
-0.536199 -2.26887
-0.536199 -2.26887
-0.536199 -2.26887
-0.536199 -2.26887
-0.536199 -2.26887
-0.536199 -2.26887
-0.536199 -2.26887
-0.536199 -2.26887
-0.536199 -2.26887
-0.536199 -2.26887
-0.536199 -2.26887
-0.536199 -2.26887
-0.536199 -2.26887
-0.536199 -2.26887
-0.536199 -2.26887
-0.536199 -2.26887
-0.536199 -2.26887
-0.536199 -2.26887
-0.536199 -2.26887
-0.536199 -2.26887
-0.536199 -2.26887
-0.536199 -2.26887
-0.536199 -2.26887
-0.536199 -2.26887
-0.536199 -2.26887
-0.536199 -2.26887
-0.536199 -2.26887
-0.536199 -2.26887
-0.536199 -2.26887
-0.536199 -2.26887
-0.536199 -2.26887
-0.536199 -2.26887
-0.536199 -2.26887
-0.536199 -2.26887
-0.536199 -2.26887
-0.536199 -2.26887
-0.536199 -2.26887
-0.536199 -2.26887
-0.536199 -2.26887
-0.536199 -2.26887
-0.536199 -2.26887
-0.536199 -2.26887
-0.536199 -2.26887
-0.536199 -2.26887
-0.536199 -2.26887
-0.536199 -2.26887
-0.536199 -2.26887
-0.536199 -2.26887
-0.536199 -2.26887
-0.536199 -2.26887
-0.536199 -2.26887
-0.536199 -2.26887
-0.536199 -2.26887
-0.536199 -2.26887
-0.536199 -2.26887
-0.536199 -2.26887
-0.536199 -2.26887
-0.536199 -2.26887
-0.536199 -2.26887
-0.536199 -2.26887
-0.536199 -2.26887
-0.536199 -2.26887
-0.536199 -2.26887
-0.536199 -2.26887
-0.536199 -2.26887
-0.536199 -2.26887
-0.536199 -2.26887
-0.536199 -2.26887
-0.536199 -2.26887
-0.536199 -2.26887
-0.536199 -2.26887
-0.536199 -2.26887
-0.536199 -2.26887
-0.536199 -2.26887
-0.536199 -2.26887
-0.536199 -2.26887
-0.536199 -2.26887
-0.536199 -2.26887
-0.536199 -2.26887
-0.536199 -2.26887
-0.536199 -2.26887
-0.536199 -2.26887
-0.536199 -2.26887
-0.536199 -2.26887
-0.536199 -2.26887
-0.536199 -2.26887
-0.536199 -2.26887
-0.536199 -2.26887
-0.536199 -2.26887
-0.536199 -2.26887
-0.536199 -2.26887
-0.536199 -2.26887
-0.536199 -2.26887
-0.536199 -2.26887
-0.536199 -2.26887
-0.536199 -2.26887
-0.536199 -2.26887
-0.536199 -2.26887
-0.536199 -2.26887
-0.536199 -2.26887
-0.536199 -2.26887
-0.536199 -2.26887
-0.536199 -2.26887
-0.536199 -2.26887
-0.536199 -2.26887
-0.536199 -2.26887
-0.536199 -2.26887
-0.536199 -2.26887
-0.536199 -2.26887
-0.536199 -2.26887
-0.536199 -2.26887
-0.536199 -2.26887
-0.536199 -2.26887
-0.536199 -2.26887
-0.536199 -2.26887
-0.536199 -2.26887
-0.536199 -2.26887
-0.536199 -2.26887
-0.536199 -2.26887
-0.536199 -2.26887
-0.536199 -2.26887
-0.536199 -2.26887
-0.536199 -2.26887
-0.536199 -2.26887
-0.536199 -2.26887
-0.536199 -2.26887
-0.536199 -2.26887
-0.536199 -2.26887
-0.536199 -2.26887
-0.536199 -2.26887
-0.536199 -2.26887
-0.536199 -2.26887
-0.536199 -2.26887
-0.536199 -2.26887
-0.536199 -2.26887
-0.536199 -2.26887
-0.536199 -2.26887
-0.536199 -2.26887
-0.536199 -2.26887
-0.536199 -2.26887
-0.536199 -2.26887
-0.536199 -2.26887
-0.536199 -2.26887
-0.536199 -2.26887
-0.536199 -2.26887
-0.536199 -2.26887
-0.536199 -2.26887
-0.536199 -2.26887
-0.536199 -2.26887
-0.536199 -2.26887
-0.536199 -2.26887
-0.536199 -2.26887
-0.536199 -2.26887
-0.536199 -2.26887
-0.536199 -2.26887
-0.536199 -2.26887
-0.536199 -2.26887
-0.536199 -2.26887
-0.536199 -2.26887
-0.536199 -2.26887
-0.536199 -2.26887
-0.536199 -2.26887
-0.536199 -2.26887
-0.536199 -2.26887
-0.536199 -2.26887
-0.536199 -2.26887
-0.536199 -2.26887
-0.536199 -2.26887
-0.536199 -2.26887
-0.536199 -2.26887
-0.536199 -2.26887
-0.536199 -2.26887
-0.536199 -2.26887
-0.536199 -2.26887
-0.536199 -2.26887
-0.536199 -2.26887
-0.536199 -2.26887
-0.536199 -2.26887
-0.536199 -2.26887
-0.536199 -2.26887
-0.536199 -2.26887
-0.536199 -2.26887
-0.536199 -2.26887
-0.536199 -2.26887
-0.536199 -2.26887
-0.536199 -2.26887
-0.536199 -2.26887
-0.536199 -2.26887
-0.536199 -2.26887
-0.536199 -2.26887
-0.536199 -2.26887
-0.536199 -2.26887
-0.536199 -2.26887
-0.536199 -2.26887
-0.536199 -2.26887
-0.536199 -2.26887
-0.536199 -2.26887
-0.536199 -2.26887
-0.536199 -2.26887
-0.536199 -2.26887
-0.536199 -2.26887
-0.536199 -2.26887
-0.536199 -2.26887
-0.536199 -2.26887
-0.536199 -2.26887
-0.536199 -2.26887
-0.536199 -2.26887
-0.536199 -2.26887
-0.536199 -2.26887
-0.536199 -2.26887
-0.536199 -2.26887
-0.536199 -2.26887
-0.536199 -2.26887
-0.536199 -2.26887
-0.536199 -2.26887
-0.536199 -2.26887
-0.536199 -2.26887
-0.536199 -2.26887
-0.536199 -2.26887
-0.536199 -2.26887
-0.536199 -2.26887
-0.536199 -2.26887
-0.536199 -2.26887
-0.536199 -2.26887
-0.536199 -2.26887
-0.536199 -2.26887
-0.536199 -2.26887
-0.536199 -2.26887
-0.536199 -2.26887
-0.536199 -2.26887
-0.536199 -2.26887
-0.536199 -2.26887
-0.536199 -2.26887
-0.536199 -2.26887
-0.536199 -2.26887
-0.536199 -2.26887
-0.536199 -2.26887
-0.536199 -2.26887
-0.536199 -2.26887
-0.536199 -2.26887
-0.536199 -2.26887
-0.536199 -2.26887
-0.536199 -2.26887
-0.536199 -2.26887
-0.536199 -2.26887
-0.536199 -2.26887
-0.536199 -2.26887
-0.536199 -2.26887
-0.536199 -2.26887
-0.536199 -2.26887
-0.536199 -2.26887
-0.536199 -2.26887
-0.536199 -2.26887
-0.536199 -2.26887
-0.536199 -2.26887
-0.536199 -2.26887
-0.536199 -2.26887
-0.536199 -2.26887
-0.536199 -2.26887
-0.536199 -2.26887
-0.536199 -2.26887
-0.536199 -2.26887
-0.536199 -2.26887
-0.536199 -2.26887
-0.536199 -2.26887
-0.536199 -2.26887
-0.536199 -2.26887
-0.536199 -2.26887
-0.536199 -2.26887
-0.536199 -2.26887
-0.536199 -2.26887
-0.536199 -2.26887
-0.536199 -2.26887
-0.536199 -2.26887
-0.536199 -2.26887
-0.536199 -2.26887
-0.536199 -2.26887
-0.536199 -2.26887
-0.536199 -2.26887
-0.536199 -2.26887
-0.536199 -2.26887
-0.536199 -2.26887
-0.536199 -2.26887
-0.536199 -2.26887
-0.536199 -2.26887
-0.536199 -2.26887
-0.536199 -2.26887
-0.536199 -2.26887
-0.536199 -2.26887
-0.536199 -2.26887
-0.536199 -2.26887
-0.536199 -2.26887
-0.536199 -2.26887
-0.536199 -2.26887
-0.536199 -2.26887
-0.536199 -2.26887
-0.536199 -2.26887
-0.536199 -2.26887
-0.536199 -2.26887
-0.536199 -2.26887
-0.536199 -2.26887
-0.536199 -2.26887
-0.536199 -2.26887
-0.536199 -2.26887
-0.536199 -2.26887
-0.536199 -2.26887
-0.536199 -2.26887
-0.536199 -2.26887
-0.536199 -2.26887
-0.536199 -2.26887
-0.536199 -2.26887
-0.536199 -2.26887
-0.536199 -2.26887
-0.536199 -2.26887
-0.536199 -2.26887
-0.536199 -2.26887
-0.536199 -2.26887
-0.536199 -2.26887
-0.536199 -2.26887
-0.536199 -2.26887
-0.536199 -2.26887
-0.536199 -2.26887
-0.536199 -2.26887
-0.536199 -2.26887
-0.536199 -2.26887
-0.536199 -2.26887
-0.536199 -2.26887
-0.536199 -2.26887
-0.536199 -2.26887
-0.536199 -2.26887
-0.536199 -2.26887
-0.536199 -2.26887
-0.536199 -2.26887
-0.536199 -2.26887
-0.536199 -2.26887
-0.536199 -2.26887
-0.536199 -2.26887
-0.536199 -2.26887
-0.536199 -2.26887
-0.536199 -2.26887
-0.536199 -2.26887
-0.536199 -2.26887
-0.536199 -2.26887
-0.536199 -2.26887
-0.536199 -2.26887
-0.536199 -2.26887
-0.536199 -2.26887
-0.536199 -2.26887
-0.536199 -2.26887
-0.536199 -2.26887
-0.536199 -2.26887
-0.536199 -2.26887
-0.536199 -2.26887
-0.536199 -2.26887
-0.536199 -2.26887
-0.536199 -2.26887
-0.536199 -2.26887
-0.536199 -2.26887
-0.536199 -2.26887
-0.536199 -2.26887
-0.536199 -2.26887
-0.536199 -2.26887
-0.536199 -2.26887
-0.536199 -2.26887
-0.536199 -2.26887
-0.536199 -2.26887
-0.536199 -2.26887
-0.536199 -2.26887
-0.536199 -2.26887
-0.536199 -2.26887
-0.536199 -2.26887
-0.536199 -2.26887
-0.536199 -2.26887
-0.536199 -2.26887
-0.536199 -2.26887
-0.536199 -2.26887
-0.536199 -2.26887
-0.536199 -2.26887
-0.536199 -2.26887
-0.536199 -2.26887
-0.536199 -2.26887
-0.536199 -2.26887
-0.536199 -2.26887
-0.536199 -2.26887
-0.536199 -2.26887
-0.536199 -2.26887
-0.536199 -2.26887
-0.536199 -2.26887
-0.536199 -2.26887
-0.536199 -2.26887
