0.025996 -0.00142542
0.025996 -0.00142542
0.025996 -0.00142542
0.025996 -0.00142542
0.025996 -0.00142542
0.025996 -0.00142542
0.025996 -0.00142542
0.025996 -0.00142542
0.025996 -0.00142542
0.025996 -0.00142542
0.025996 -0.00142542
0.025996 -0.00142542
0.025996 -0.00142542
0.025996 -0.00142542
0.025996 -0.00142542
0.025996 -0.00142542
0.025996 -0.00142542
0.025996 -0.00142542
0.025996 -0.00142542
0.025996 -0.00142542
0.025996 -0.00142542
0.025996 -0.00142542
0.025996 -0.00142542
0.025996 -0.00142542
0.025996 -0.00142542
0.025996 -0.00142542
0.025996 -0.00142542
0.025996 -0.00142542
0.025996 -0.00142542
0.0260869 -0.0014315
0.0273121 -0.00151292
0.0278243 -0.00154676
0.032954 -0.00188702
0.0347189 -0.0020043
0.0413521 -0.00244296
0.0443727 -0.00264192
0.0507197 -0.00305975
0.0552052 -0.00335415
0.0605198 -0.00370104
0.0680397 -0.00415163
0.0687038 -0.0041874
0.0731837 -0.0043853
0.0743062 -0.00442249
0.078254 -0.00451321
0.0799537 -0.00453306
0.0833396 -0.00453816
0.0855885 -0.00451621
0.0889902 -0.00444457
0.0913208 -0.00436877
0.0948771 -0.00421134
0.0973099 -0.00407461
0.10104 -0.0038189
0.103615 -0.00360977
0.106838 -0.00331024
0.112636 -0.00266533
0.113282 -0.00258497
0.118414 -0.0018862
0.119585 -0.00171164
0.124053 -0.000993359
0.125858 -0.000679583
0.129551 4.87523e-06
0.132012 0.000492854
0.135686 0.00126953
0.138109 0.00181339
0.141125 0.00252568
0.146498 0.00389302
0.14709 0.00405141
0.151826 0.00537529
0.153015 0.00572353
0.157232 0.00701064
0.158947 0.00755712
0.161811 0.00850087
0.167257 0.0104014
0.167918 0.0106419
0.173307 0.0126807
0.174585 0.0131853
0.178683 0.014858
0.181403 0.0160152
0.184763 0.0174979
0.190756 0.0202909
0.191417 0.0206107
0.196091 0.0229426
0.197966 0.0239125
0.201841 0.0259815
0.204406 0.0273993
0.208236 0.0295905
0.210782 0.0310972
0.214588 0.0334267
0.217081 0.0350038
0.220149 0.0370024
0.225657 0.040754
0.226212 0.0411444
0.231041 0.0446347
0.232182 0.0454859
0.236345 0.0486774
0.238081 0.0500499
0.240942 0.0523668
0.24602 0.0566569
0.246572 0.057137
0.250912 0.0610179
0.251998 0.062018
0.255215 0.0650508
0.257335 0.0671099
0.260464 0.0702403
0.262515 0.0723531
0.265541 0.0755643
0.267532 0.0777406
0.270463 0.0810395
0.272384 0.0832673
0.275181 0.0866116
0.277031 0.0888916
0.279358 0.0918396
0.283346 0.0971099
0.283783 0.097706
0.287213 0.10251
0.288052 0.103721
0.290516 0.107375
0.292127 0.10984
0.294094 0.112941
0.29752 0.118593
0.297892 0.119229
0.30088 0.124489
0.301829 0.126224
0.304862 0.132
0.306852 0.136
0.309714 0.142095
0.311524 0.146183
0.314074 0.152307
0.315681 0.156422
0.317949 0.162627
0.319358 0.166762
0.321343 0.173034
0.322581 0.177269
0.324304 0.183683
0.325359 0.187988
0.326794 0.194456
0.327656 0.198792
0.328805 0.205328
0.329476 0.209709
0.330205 0.215205
0.331211 0.225138
0.331288 0.226101
0.331815 0.234976
0.331896 0.237171
0.33203 0.244897
0.332014 0.248225
0.331849 0.254884
0.331641 0.259305
0.331185 0.265893
0.330785 0.270276
0.330162 0.275891
0.329213 0.283222
0.327957 0.292113
0.325117 0.311527
0.324829 0.313482
0.322226 0.331203
0.32158 0.335604
0.319321 0.351023
0.318352 0.35765
0.316439 0.370737
0.315166 0.379444
0.31357 0.390339
0.311969 0.401271
0.310366 0.412226
0.307485 0.431934
0.307197 0.4339
0.304595 0.451681
0.303955 0.456049
0.301721 0.471301
0.300767 0.477816
0.298854 0.490867
0.297575 0.499587
0.295649 0.512726
0.294364 0.521496
0.29244 0.534645
0.291146 0.543484
0.289554 0.554364
0.286683 0.574022
0.286365 0.576201
0.283812 0.593684
0.283174 0.598053
0.280941 0.613355
0.279984 0.619909
0.278086 0.632889
0.276832 0.641416
0.275274 0.651897
0.273786 0.6617
0.272272 0.671372
0.26955 0.68788
0.269279 0.689458
0.266764 0.703403
0.266117 0.706805
0.263719 0.718801
0.262678 0.723753
0.260844 0.732171
0.257382 0.74707
0.256983 0.748711
0.254112 0.760114
0.252914 0.764661
0.25084 0.772213
0.246962 0.785345
0.246516 0.786781
0.243262 0.796851
0.241852 0.801014
0.239364 0.808105
0.234582 0.820923
0.23403 0.82234
0.230079 0.832164
0.228333 0.836336
0.224755 0.844587
0.222262 0.850119
0.218531 0.858095
0.215916 0.863485
0.211857 0.871553
0.209087 0.876866
0.204843 0.884729
0.201954 0.889904
0.198258 0.896326
0.191371 0.90775
0.190593 0.908998
0.184251 0.91888
0.182715 0.921199
0.177706 0.928565
0.174337 0.933364
0.169183 0.940477
0.165647 0.945207
0.160273 0.952175
0.156623 0.956765
0.151977 0.962451
0.147253 0.968062
0.142431 0.973622
0.133568 0.983417
0.132567 0.984491
0.124447 0.992972
0.122383 0.995065
0.116039 1.00134
0.1118 1.00542
0.105367 1.01142
0.101115 1.01527
0.0944625 1.02112
0.0899889 1.02493
0.0832086 1.03055
0.0786373 1.03422
0.0717364 1.0396
0.0670816 1.04312
0.0610395 1.04757
0.0486262 1.05639
0.0471991 1.05739
0.0345284 1.06618
0.0291535 1.0699
0.0200347 1.07621
0.00354702 1.08765
0.00173343 1.08891
-0.0109489 1.09771
-0.0163911 1.10148
-0.0272686 1.10902
-0.0345447 1.11406
-0.0436094 1.12035
-0.059921 1.13166
-0.0615536 1.13279
-0.0744649 1.14174
-0.0799456 1.14554
-0.0907253 1.15302
-0.0979719 1.15805
-0.106994 1.16431
-0.12327 1.17559
-0.125082 1.17685
-0.13964 1.18695
-0.143281 1.18947
-0.154168 1.19703
-0.161289 1.20196
-0.172023 1.20939
-0.178736 1.21401
-0.187266 1.21986
-0.202184 1.22998
-0.203881 1.23112
-0.215776 1.23905
-0.22065 1.24227
-0.230599 1.2488
-0.237423 1.25323
-0.245689 1.25856
-0.260351 1.26786
-0.261976 1.26888
-0.27326 1.27587
-0.277751 1.27861
-0.286789 1.28402
-0.292713 1.28749
-0.30142 1.29247
-0.307325 1.29578
-0.314918 1.29994
-0.328548 1.30715
-0.329921 1.30786
-0.342408 1.31418
-0.345473 1.31569
-0.354667 1.32013
-0.360799 1.32301
-0.368506 1.32656
-0.382868 1.33293
-0.384778 1.33376
-0.398773 1.3398
-0.404862 1.34242
-0.416957 1.34764
-0.424989 1.3511
-0.435121 1.35546
-0.453513 1.36337
-0.455548 1.36425
-0.47178 1.37124
-0.475827 1.37299
-0.487992 1.37823
-0.496163 1.38174
-0.5063 1.38611
-0.524469 1.39393
-0.526481 1.39479
-0.540631 1.40088
-0.546725 1.4035
-0.558946 1.40876
-0.567108 1.41227
-0.577294 1.41666
-0.595629 1.42455
-0.597768 1.42547
-0.611849 1.43154
-0.617841 1.43412
-0.628088 1.43853
-0.646246 1.44635
-0.648398 1.44727
-0.664514 1.45421
-0.668693 1.45601
-0.680749 1.46121
-0.688981 1.46475
-0.701068 1.46996
-0.709167 1.47345
-0.721322 1.47869
-0.729398 1.48217
-0.741557 1.48741
-0.749727 1.49093
-0.761919 1.49619
-0.770035 1.49969
-0.780167 1.50406
-0.798417 1.51194
-0.800442 1.51281
-0.816793 1.51986
-0.820764 1.52157
-0.832927 1.52682
-0.841038 1.53032
-0.853204 1.53556
-0.861348 1.53908
-0.873492 1.54432
-0.881589 1.54781
-0.893725 1.55305
-0.901795 1.55653
-0.911881 1.56088
-0.930188 1.56878
-0.932228 1.56966
-0.94852 1.57669
-0.952615 1.57845
-0.966939 1.58463
-0.97294 1.58722
-0.985082 1.59246
-0.993145 1.59593
-1.00524 1.60115
-1.01333 1.60464
-1.02555 1.6099
-1.03369 1.61341
-1.04386 1.6178
-1.06209 1.62566
-1.06411 1.62653
-1.0803 1.63351
-1.08435 1.63525
-1.0986 1.64139
-1.10469 1.64402
-1.11686 1.64927
-1.12499 1.65278
-1.13723 1.65805
-1.14525 1.66151
-1.15743 1.66676
-1.16563 1.67029
-1.17571 1.67464
-1.18584 1.67901
-1.19799 1.68425
-1.20609 1.68774
-1.21825 1.69299
-1.22641 1.69651
-1.23656 1.70089
-1.2548 1.70876
-1.25682 1.70963
-1.27301 1.71662
-1.27707 1.71836
-1.29112 1.72442
-1.29696 1.72693
-1.30656 1.73103
-1.31495 1.73458
-1.3219 1.73742
-1.33224 1.74136
-1.33335 1.74176
-1.34241 1.74482
-1.34516 1.74569
-1.35791 1.74962
-1.36406 1.75149
-1.37665 1.7553
-1.38512 1.75786
-1.39579 1.76109
-1.41492 1.76689
-1.41703 1.76752
-1.43396 1.77265
-1.4381 1.7739
-1.45292 1.77838
-1.45928 1.7803
-1.47208 1.78418
-1.48057 1.78675
-1.49111 1.78994
-1.50171 1.79315
-1.51441 1.79699
-1.52523 1.80027
-1.54202 1.80536
-1.55344 1.80882
-1.57034 1.81395
-1.58167 1.8174
-1.59861 1.82255
-1.60988 1.82599
-1.62678 1.83114
-1.6381 1.83459
-1.65495 1.83972
-1.66617 1.84314
-1.68021 1.84741
-1.69426 1.85169
-1.70833 1.85598
-1.73232 1.86337
-1.7349 1.86418
-1.75547 1.8707
-1.76035 1.87228
-1.77756 1.87796
-1.78543 1.88061
-1.80174 1.88615
-1.81217 1.88971
-1.8253 1.89422
-1.83896 1.89896
-1.85238 1.90364
-1.87647 1.91214
-1.87887 1.91299
-1.90043 1.9207
-1.90522 1.92244
-1.92291 1.92893
-1.93011 1.93161
-1.94522 1.93735
-1.95513 1.94118
-1.96986 1.94697
-1.97963 1.95088
-1.99191 1.95586
-2.00423 1.96095
-2.01656 1.96612
-2.03842 1.97552
-2.04049 1.97642
-2.05843 1.98445
-2.06284 1.98648
-2.07844 1.99382
-2.08515 1.99706
-2.09857 2.00366
-2.10781 2.0083
-2.11907 2.01406
-2.14192 2.02591
-2.14414 2.02706
-2.16436 2.03751
-2.16907 2.03993
-2.18683 2.04899
-2.19372 2.05247
-2.20597 2.05848
-2.21313 2.06186
-2.22215 2.06586
-2.2276 2.0681
-2.23579 2.0712
-2.24121 2.07306
-2.24812 2.07523
-2.25418 2.07695
-2.25944 2.07832
-2.26167 2.07886
-2.2633 2.07924
-2.26336 2.07925
-2.2633 2.07924
-2.26314 2.0792
-2.26311 2.0792
-2.26308 2.07919
-2.26298 2.07917
-2.26298 2.07917
-2.26311 2.0792
-2.26463 2.07954
-2.26836 2.08035
-2.28015 2.08253
-2.28144 2.08273
-2.2934 2.08428
-2.29637 2.08457
-2.30673 2.08532
-2.31113 2.08551
-2.31996 2.08565
-2.32585 2.08557
-2.3332 2.08527
-2.34623 2.08422
-2.34767 2.08406
-2.35936 2.08245
-2.36219 2.08198
-2.37242 2.07999
-2.37673 2.07901
-2.38387 2.07722
-2.39095 2.07523
-2.39794 2.07303
-2.41043 2.06853
-2.41164 2.06806
-2.42272 2.06335
-2.42526 2.06219
-2.43481 2.05748
-2.4386 2.05546
-2.44625 2.05115
-2.45123 2.04813
-2.45862 2.04337
-2.46349 2.04003
-2.47068 2.03477
-2.47535 2.03113
-2.48108 2.02642
-2.49083 2.01771
-2.49192 2.01668
-2.50077 2.00787
-2.50311 2.00541
-2.51361 1.99404
-2.51902 1.98805
-2.53076 1.97497
-2.53864 1.96619
-2.55046 1.95303
-2.55837 1.94422
-2.56849 1.93296
-2.58628 1.91318
-2.58801 1.91126
-2.60397 1.89351
-2.60767 1.88939
-2.62163 1.87385
-2.62699 1.86786
-2.63657 1.85698
-2.64197 1.85068
-2.64768 1.84377
-2.65245 1.8377
-2.65684 1.83175
-2.66414 1.82098
-2.66483 1.81989
-2.67087 1.80982
-2.67232 1.80723
-2.6773 1.79775
-2.67934 1.79358
-2.68335 1.78484
-2.68581 1.77908
-2.68926 1.77031
-2.6914 1.76441
-2.69393 1.75687
-2.69685 1.74744
-2.70026 1.73585
-2.70747 1.71073
-2.70829 1.70788
-2.71476 1.68523
-2.7163 1.67984
-2.72211 1.6595
-2.72451 1.65108
-2.7294 1.63402
-2.73264 1.62268
-2.73753 1.60561
-2.74073 1.59443
-2.74559 1.57745
-2.74884 1.56612
-2.75371 1.54911
-2.757 1.53761
-2.76183 1.52073
-2.76499 1.5097
-2.76993 1.4925
-2.77297 1.48197
-2.77712 1.46801
-2.77961 1.46001
-2.78296 1.45
-2.78499 1.4444
-2.78826 1.43614
-2.79063 1.43064
-2.79444 1.42242
-2.79714 1.41701
-2.80143 1.40903
-2.80442 1.40383
-2.80831 1.39746
-2.81584 1.38619
-2.81679 1.38485
-2.8248 1.37409
-2.82711 1.37115
-2.83553 1.3608
-2.83925 1.35641
-2.8469 1.34773
-2.85288 1.34119
-2.86395 1.3293
-2.87201 1.32068
-2.88404 1.30782
-2.89209 1.29922
-2.90203 1.28859
-2.92045 1.26888
-2.92226 1.26695
-2.93851 1.24956
-2.94253 1.24527
-2.95671 1.23009
-2.96263 1.22377
-2.97479 1.21076
-2.98286 1.20213
-2.99291 1.19138
-3.00291 1.18069
-3.01291 1.17
-3.031 1.15065
-3.03301 1.14849
-3.04919 1.1312
-3.05301 1.1271
-3.06729 1.11183
-3.07333 1.10537
-3.08337 1.09463
-3.10144 1.0753
-3.10324 1.07338
-3.11942 1.05606
-3.12343 1.05177
-3.13742 1.03679
-3.14333 1.03044
-3.15277 1.02027
-3.16864 1.00291
-3.17039 1.00098
-3.18261 0.987269
-3.18815 0.98099
-3.20003 0.967532
-3.20763 0.95893
-3.21944 0.945547
-3.22715 0.936808
-3.23887 0.923518
-3.24654 0.914823
-3.25848 0.901292
-3.26632 0.892408
-3.27782 0.879378
-3.28561 0.870553
-3.29553 0.859317
-3.31305 0.839452
-3.31476 0.837515
-3.33058 0.819587
-3.33448 0.815167
-3.34617 0.801919
-3.35396 0.793092
-3.36564 0.779856
-3.37343 0.771026
-3.38512 0.757779
-3.39291 0.748948
-3.40464 0.735655
-3.41242 0.726833
-3.42195 0.716024
-3.43972 0.695887
-3.44167 0.693676
-3.45727 0.676005
-3.46093 0.671863
-3.47474 0.656216
-3.48058 0.64961
-3.49032 0.63857
-3.50793 0.618642
-3.50988 0.616431
-3.52549 0.598752
-3.52939 0.594339
-3.54106 0.58112
-3.54821 0.573045
-3.55645 0.563865
-3.56893 0.550522
-3.56987 0.549557
-3.57744 0.542091
-3.57939 0.54026
-3.58587 0.534466
-3.59027 0.530753
-3.59723 0.525226
-3.60193 0.521713
-3.6094 0.516474
-3.61434 0.513226
-3.62191 0.508562
-3.62698 0.505641
-3.6334 0.502166
-3.64519 0.496398
-3.64637 0.495864
-3.65743 0.491194
-3.66003 0.490184
-3.66855 0.487111
-3.67404 0.485312
-3.68248 0.482815
-3.68814 0.481322
-3.69682 0.4793
-3.70261 0.478132
-3.70988 0.476866
-3.72309 0.475126
-3.72438 0.474994
-3.73629 0.474095
-3.73922 0.473962
-3.74946 0.473766
-3.75385 0.47381
-3.76265 0.474133
-3.76853 0.474522
-3.77738 0.475372
-3.78327 0.476114
-3.79202 0.47748
-3.7978 0.478559
-3.80494 0.480086
-3.81767 0.483359
-3.81908 0.483766
-3.83042 0.487369
-3.83322 0.488353
-3.8429 0.49204
-3.84698 0.493732
-3.85502 0.497322
-3.86029 0.499867
-3.86809 0.503914
-3.87324 0.506778
-3.8796 0.510542
-3.89077 0.517797
-3.89199 0.518637
-3.90152 0.525618
-3.90384 0.527422
-3.91177 0.53394
-3.91508 0.536831
-3.92156 0.542792
-3.92578 0.546907
-3.93194 0.553277
-3.93591 0.557643
-3.94167 0.564354
-3.94537 0.568932
-3.95072 0.575965
-3.95415 0.580752
-3.95907 0.588092
-3.96221 0.593073
-3.96596 0.599393
-3.96954 0.605852
-3.97286 0.612291
-3.97819 0.623683
-3.97869 0.624838
-3.98164 0.63199
-3.98211 0.633177
-3.98304 0.635622
-3.98311 0.635803
-3.98311 0.635811
-3.98306 0.635666
-3.98302 0.635553
-3.98301 0.635548
-3.98299 0.635488
-3.98299 0.635483
-3.98301 0.635535
-3.98301 0.635545
-3.98301 0.635545
-3.98302 0.635553
-3.98302 0.635558
-3.98303 0.635576
-3.98303 0.635579
-3.98302 0.635568
-3.98302 0.635563
-3.98302 0.635563
-3.98302 0.635563
-3.98302 0.635563
-3.98302 0.635563
-3.98302 0.635563
-3.98302 0.635563
-3.98302 0.635563
-3.98302 0.635563
-3.98302 0.635563
-3.98302 0.635563
-3.98302 0.635563
-3.98302 0.635563
-3.98302 0.635563
-3.98302 0.635563
-3.98302 0.635563
-3.98302 0.635563
-3.98302 0.635563
-3.98302 0.635563
-3.98302 0.635563
-3.98302 0.635563
-3.98302 0.635563
-3.98302 0.635563
-3.98292 0.63531
-3.98257 0.634387
-3.9813 0.631123
-3.98073 0.629707
-3.98037 0.628836
-3.97646 0.619348
-3.97577 0.617681
-3.96762 0.598068
-3.96537 0.592665
-3.95717 0.573025
-3.95372 0.564762
-3.94682 0.54825
-3.94228 0.537382
-3.93546 0.521043
-3.93091 0.510114
-3.92529 0.496639
-3.91678 0.47575
-3.91597 0.473713
-3.91027 0.458636
-3.90911 0.455382
-3.90508 0.443283
-3.90356 0.438345
-3.90077 0.428561
-3.89895 0.421566
-3.89654 0.411256
-3.89511 0.404414
-3.89319 0.393969
-3.89207 0.386968
-3.89069 0.376829
-3.88993 0.369984
-3.88902 0.359631
-3.88859 0.352934
-3.88819 0.343212
-3.88809 0.33802
-3.88807 0.333351
-3.88809 0.331648
-3.888 0.334853
-3.88774 0.340289
-3.88707 0.350651
-3.88517 0.375356
-3.88496 0.377955
-3.883 0.401955
-3.88251 0.40792
-3.88082 0.4286
-3.88011 0.437163
-3.87866 0.454184
-3.87774 0.464593
-3.87661 0.476097
-3.87455 0.492709
-3.87432 0.494232
-3.87229 0.505951
-3.87161 0.509304
-3.86847 0.523576
-3.86677 0.530781
-3.86273 0.547769
-3.86009 0.558854
-3.85589 0.576372
-3.85313 0.587856
-3.84898 0.605098
-3.84629 0.616325
-3.84277 0.631001
-3.83661 0.656751
-3.83604 0.659135
-3.83103 0.680505
-3.82987 0.685581
-3.82578 0.70388
-3.82409 0.711609
-3.82078 0.727133
-3.81885 0.736393
-3.81615 0.749437
-3.81435 0.758105
-3.81168 0.771043
-3.80989 0.779677
-3.8072 0.792645
-3.80541 0.801335
-3.80317 0.812141
-3.79915 0.83153
-3.79871 0.833667
-3.79517 0.850842
-3.79427 0.855232
-3.79114 0.870378
-3.78978 0.87701
-3.7871 0.889963
-3.78531 0.898632
-3.78262 0.911623
-3.78082 0.920316
-3.77859 0.931124
-3.7764 0.941709
-3.77412 0.952699
-3.77188 0.963525
-3.76964 0.974411
-3.76563 0.993873
-3.7652 0.995948
-3.76162 1.01326
-3.76077 1.01738
-3.75757 1.03285
-3.75625 1.03925
-3.75357 1.05222
-3.75177 1.0609
-3.74914 1.07364
-3.74735 1.08228
-3.74512 1.0931
-3.74105 1.11277
-3.74064 1.11471
-3.73703 1.13221
-3.73613 1.13653
-3.733 1.15169
-3.73171 1.15796
-3.72897 1.17117
-3.72719 1.17982
-3.72455 1.19258
-3.72276 1.20123
-3.72003 1.2144
-3.71824 1.22308
-3.71599 1.2339
-3.71196 1.25336
-3.71151 1.25552
-3.70793 1.27281
-3.70702 1.27718
-3.70387 1.29242
-3.70255 1.29881
-3.69987 1.31173
-3.69811 1.32018
-3.69549 1.33271
-3.69383 1.34058
-3.69127 1.35247
-3.68959 1.36011
-3.68742 1.36976
-3.6835 1.38668
-3.68307 1.38848
-3.67954 1.40287
-3.67869 1.40627
-3.67538 1.419
-3.67395 1.42436
-3.67102 1.43506
-3.66902 1.44217
-3.66595 1.45276
-3.66389 1.45971
-3.66127 1.46828
-3.65626 1.48409
-3.65572 1.48577
-3.6511 1.49962
-3.64992 1.50308
-3.64575 1.515
-3.64402 1.5198
-3.64043 1.52951
-3.638 1.53588
-3.63427 1.54538
-3.63171 1.55171
-3.62848 1.5595
-3.62237 1.57366
-3.62168 1.57522
-3.616 1.58773
-3.61442 1.59114
-3.60876 1.60313
-3.60622 1.60842
-3.6012 1.61875
-3.59736 1.62655
-3.59158 1.63831
-3.58771 1.64616
-3.58183 1.65808
-3.57798 1.66591
-3.5721 1.67784
-3.56819 1.68579
-3.56332 1.69568
-3.55844 1.70558
-3.55356 1.7155
-3.54461 1.73367
-3.54375 1.73542
-3.53586 1.75145
-3.53402 1.75518
-3.52709 1.76926
-3.52424 1.77506
-3.51846 1.78678
-3.51454 1.79474
-3.50866 1.80667
-3.50476 1.81461
-3.4989 1.82652
-3.49499 1.83445
-3.48905 1.84654
-3.48515 1.85446
-3.48029 1.86435
-3.47153 1.88215
-3.47056 1.88412
-3.46281 1.89987
-3.46107 1.90341
-3.45449 1.91668
-3.45193 1.9218
-3.44679 1.93192
-3.4434 1.9385
-3.43805 1.94872
-3.43451 1.95537
-3.43005 1.96364
-3.42558 1.9718
-3.42105 1.97993
-3.41274 1.99454
-3.4118 1.99617
-3.40418 2.00919
-3.40225 2.01242
-3.39542 2.02375
-3.39255 2.02845
-3.38664 2.03797
-3.38265 2.04431
-3.37655 2.05385
-3.37246 2.06015
-3.36626 2.06956
-3.3621 2.07577
-3.35685 2.08353
-3.34725 2.09742
-3.34631 2.09877
-3.33754 2.11113
-3.33553 2.11391
-3.32803 2.12417
-3.32505 2.12816
-3.31901 2.1361
-3.31492 2.14137
-3.30868 2.14921
-3.30446 2.1544
-3.29806 2.1621
-3.29383 2.16708
-3.28826 2.1735
-3.27825 2.18469
-3.27713 2.18592
-3.26808 2.19563
-3.26589 2.19792
-3.25816 2.20586
-3.25521 2.20879
-3.25011 2.21372
-3.24674 2.21683
-3.24163 2.22136
-3.23812 2.22435
-3.23288 2.22861
-3.22924 2.23144
-3.22462 2.2349
-3.21609 2.2409
-3.21528 2.24144
-3.20778 2.24626
-3.20599 2.24736
-3.19926 2.25129
-3.19644 2.25287
-3.19047 2.25603
-3.18651 2.25802
-3.1805 2.26086
-3.17643 2.26269
-3.17037 2.26524
-3.1663 2.26685
-3.16013 2.26913
-3.15594 2.27058
-3.15067 2.27229
-3.14107 2.27506
-3.14014 2.27531
-3.13146 2.27743
-3.12932 2.27791
-3.12177 2.27942
-3.1185 2.28
-3.11192 2.28104
-3.10752 2.28163
-3.10093 2.28236
-3.09655 2.28276
-3.08993 2.2832
-3.08553 2.2834
-3.07888 2.28356
-3.07445 2.28356
-3.06782 2.28342
-3.06342 2.28323
-3.05686 2.28281
-3.0525 2.28243
-3.04592 2.28171
-3.04151 2.28112
-3.03599 2.28028
-3.02613 2.27847
-3.02518 2.27827
-3.01646 2.27628
-3.01433 2.27574
-3.00695 2.27373
-3.00379 2.2728
-2.99747 2.27078
-2.99326 2.26934
-2.98701 2.26705
-2.98292 2.26544
-2.97684 2.26289
-2.97281 2.2611
-2.9679 2.2588
-2.96287 2.25631
-2.95794 2.25372
-2.94945 2.24894
-2.94851 2.24838
-2.94089 2.24366
-2.93914 2.24252
-2.93258 2.23805
-2.92987 2.23612
-2.92465 2.23224
-2.92118 2.22954
-2.91597 2.2253
-2.9127 2.22251
-2.90856 2.21885
-2.9013 2.212
-2.90052 2.21122
-2.89435 2.2049
-2.89284 2.20329
-2.88764 2.19748
-2.88547 2.19494
-2.88126 2.18983
-2.87852 2.18635
-2.87519 2.18193
-2.87196 2.17744
-2.86883 2.17289
-2.86347 2.16454
-2.86294 2.16368
-2.85843 2.15598
-2.85736 2.15405
-2.85372 2.14718
-2.85224 2.14422
-2.8494 2.13827
-2.84759 2.13426
-2.84502 2.12819
-2.84338 2.12408
-2.84143 2.11888
-2.83821 2.10944
-2.83788 2.10838
-2.83539 2.09993
-2.83482 2.09781
-2.83295 2.09034
-2.83223 2.08712
-2.8309 2.08064
-2.8301 2.07629
-2.82921 2.07078
-2.82845 2.06529
-2.82782 2.05994
-2.82729 2.05431
-2.8269 2.04895
-2.82648 2.03891
-2.82646 2.03781
-2.82647 2.02896
-2.82652 2.02685
-2.82685 2.01905
-2.82706 2.01583
-2.82763 2.00914
-2.82809 2.00482
-2.82896 1.99811
-2.82962 1.99374
-2.83056 1.98831
-2.83255 1.97859
-2.83278 1.9776
-2.83493 1.96893
-2.83551 1.9668
-2.8377 1.95937
-2.8387 1.95622
-2.84085 1.94991
-2.84236 1.94577
-2.84477 1.9396
-2.84646 1.93553
-2.84913 1.92949
-2.851 1.92549
-2.85395 1.91955
-2.85597 1.9157
-2.85862 1.91086
-2.86143 1.90602
-2.86424 1.90138
-2.86972 1.89297
-2.87027 1.89217
-2.87548 1.88486
-2.87672 1.8832
-2.88153 1.87701
-2.88362 1.87445
-2.88781 1.8695
-2.89075 1.86618
-2.89537 1.86119
-2.89847 1.858
-2.90319 1.85334
-2.90629 1.85041
-2.91044 1.84664
-2.91796 1.84023
-2.91881 1.83953
-2.92578 1.83407
-2.9276 1.83271
-2.93391 1.82818
-2.93654 1.82639
-2.94218 1.82269
-2.9459 1.82036
-2.95158 1.81699
-2.95531 1.81488
-2.96127 1.81169
-2.96522 1.80968
-2.97011 1.80731
-2.97925 1.80324
-2.98018 1.80285
-2.98854 1.79954
-2.99062 1.79877
-2.99794 1.79622
-3.00096 1.79525
-3.00727 1.79334
-3.0115 1.79216
-3.01792 1.79052
-3.02222 1.78953
-3.02882 1.78816
-3.03319 1.78735
-3.03866 1.78645
-3.04848 1.78515
-3.04958 1.78503
-3.05834 1.78424
-3.06055 1.78409
-3.0683 1.78371
-3.07163 1.78363
-3.07831 1.78359
-3.08271 1.78366
-3.08822 1.78386
-3.09811 1.78452
-3.09921 1.78462
-3.10802 1.78558
-3.1102 1.78587
-3.11782 1.78703
-3.12106 1.78759
-3.12753 1.78886
-3.13184 1.7898
-3.13838 1.79138
-3.14269 1.79252
-3.14908 1.79437
-3.15329 1.79569
-3.1585 1.79743
-3.16774 1.80085
-3.16876 1.80125
-3.17693 1.80467
-3.17897 1.80557
-3.18602 1.80887
-3.18898 1.81034
-3.19482 1.81338
-3.19866 1.81549
-3.20442 1.81882
-3.20821 1.82113
-3.21382 1.82471
-3.21749 1.82717
-3.22198 1.83031
-3.2299 1.83622
-3.23077 1.8369
-3.23766 1.84251
-3.23935 1.84395
-3.24517 1.84911
-3.2476 1.85136
-3.25234 1.85593
-3.25542 1.85904
-3.25922 1.86302
-3.26587 1.87044
-3.26659 1.87128
-3.27222 1.87811
-3.27359 1.87985
-3.27826 1.88604
-3.28019 1.88871
-3.28395 1.89415
-3.28638 1.89784
-3.28991 1.90347
-3.29218 1.90727
-3.29546 1.91303
-3.29755 1.91691
-3.30056 1.92281
-3.30248 1.92678
-3.30524 1.93282
-3.307 1.93692
-3.30908 1.94204
-3.31103 1.94717
-3.31287 1.95234
-3.3159 1.96175
-3.31625 1.96294
-3.31858 1.97139
-3.31913 1.97355
-3.32088 1.98112
-3.32155 1.98435
-3.32276 1.99082
-3.32347 1.99515
-3.32426 2.00059
-3.32538 2.01052
-3.32548 2.01163
-3.3261 2.02047
-3.32621 2.02267
-3.32642 2.03039
-3.32644 2.0337
-3.32635 2.04033
-3.3262 2.04473
-3.32589 2.05024
-3.32546 2.05575
-3.32491 2.06124
-3.32362 2.07107
-3.32345 2.07216
-3.32193 2.08086
-3.3215 2.08304
-3.31984 2.09067
-3.31906 2.09389
-3.31738 2.10028
-3.3162 2.10443
-3.31455 2.10977
-3.31281 2.11502
-3.31096 2.12022
-3.3073 2.12953
-3.30688 2.13054
-3.30327 2.13871
-3.30215 2.14111
-3.29744 2.15089
-3.29532 2.15514
-3.29092 2.16373
-3.28791 2.16943
-3.2833 2.17792
-3.28016 2.18356
-3.27623 2.19041
-3.2689 2.20269
-3.26807 2.20406
-3.26127 2.21487
-3.25954 2.21756
-3.25327 2.22704
-3.25014 2.23168
-3.24285 2.24239
-3.2378 2.24981
-3.23036 2.26074
-3.22539 2.26805
-3.21908 2.27733
-3.21292 2.28639
-3.20672 2.29551
-3.19554 2.31196
-3.19429 2.31379
-3.18434 2.32844
-3.18185 2.33211
-3.17306 2.34503
-3.16943 2.35038
-3.16202 2.36127
-3.157 2.36866
-3.14959 2.37955
-3.14461 2.38688
-3.13714 2.39787
-3.13217 2.40519
-3.12596 2.41432
-3.11976 2.42344
-3.11356 2.43257
-3.1024 2.44899
-3.10117 2.45081
-3.09122 2.46545
-3.08873 2.4691
-3.08004 2.48188
-3.07632 2.48736
-3.06879 2.49844
-3.06383 2.50574
-3.0577 2.51477
-3.04656 2.53119
-3.04517 2.53323
-3.03541 2.54762
-3.03292 2.55129
-3.02422 2.56411
-3.0205 2.56958
-3.01307 2.58052
-3.00811 2.58782
-3.0006 2.5989
-2.99561 2.60625
-2.98818 2.6172
-2.98322 2.62451
-2.97585 2.63537
-2.97089 2.64267
-2.96337 2.65374
-2.95847 2.66097
-2.95113 2.67179
-2.94639 2.67879
-2.94049 2.68754
-2.93462 2.69628
-2.92871 2.70512
-2.91824 2.72089
-2.91704 2.7227
-2.90789 2.73657
-2.90557 2.74011
-2.89737 2.75265
-2.89396 2.75789
-2.88708 2.76851
-2.8825 2.7756
-2.87562 2.78631
-2.87113 2.79334
-2.86547 2.80223
-2.85533 2.81823
-2.85419 2.82004
-2.84518 2.8344
-2.84294 2.83797
-2.83522 2.85037
-2.83189 2.85575
-2.82534 2.86636
-2.82136 2.87286
-2.81533 2.88285
-2.81079 2.89043
-2.80404 2.9017
-2.79953 2.90923
-2.79386 2.91872
-2.78368 2.93574
-2.78262 2.9375
-2.77551 2.94963
-2.77408 2.95211
-2.76979 2.95988
-2.76769 2.96387
-2.76335 2.97229
-2.76051 2.978
-2.7565 2.9863
-2.75382 2.99202
-2.75036 2.99962
-2.74631 3.0087
-2.74184 3.01879
-2.73408 3.03625
-2.73326 3.03808
-2.72749 3.05074
-2.72623 3.05345
-2.72238 3.06135
-2.72086 3.06433
-2.71768 3.07024
-2.71553 3.07403
-2.71274 3.07872
-2.70744 3.08705
-2.70678 3.08805
-2.7017 3.09533
-2.70038 3.09715
-2.69568 3.10332
-2.69362 3.1059
-2.6894 3.11098
-2.68652 3.1143
-2.68205 3.11923
-2.67901 3.12244
-2.67435 3.12713
-2.67118 3.13019
-2.66715 3.13393
-2.65972 3.1404
-2.65888 3.1411
-2.65198 3.14662
-2.65021 3.14797
-2.64399 3.15255
-2.64099 3.15466
-2.63295 3.16026
-2.62643 3.16478
-2.61815 3.17056
-2.60984 3.1764
-2.60158 3.18225
-2.58666 3.19294
-2.585 3.19413
-2.57179 3.20374
-2.5685 3.20615
-2.55701 3.21462
-2.55224 3.21816
-2.54245 3.22548
-2.53591 3.23039
-2.52608 3.23784
-2.51962 3.24278
-2.51161 3.24893
-2.49728 3.26006
-2.49568 3.26131
-2.4829 3.27138
-2.47986 3.27379
-2.46866 3.28274
-2.46458 3.28604
-2.45712 3.29219
-2.45128 3.2971
-2.44116 3.30564
-2.4346 3.31119
-2.42437 3.31983
-2.41759 3.32556
-2.40739 3.33419
-2.40082 3.33975
-2.39048 3.3485
-2.38375 3.35419
-2.37365 3.36273
-2.36692 3.36843
-2.35681 3.37698
-2.35004 3.38272
-2.33991 3.39129
-2.3332 3.39696
-2.32497 3.40394
-2.30967 3.41688
-2.30815 3.41817
-2.29443 3.42979
-2.29103 3.43266
-2.27922 3.44266
-2.27414 3.44695
-2.26408 3.45546
-2.25736 3.46115
-2.24894 3.46828
-2.2405 3.47543
-2.23205 3.48257
-2.21686 3.49542
-2.21531 3.49674
-2.20165 3.50829
-2.19828 3.51114
-2.18649 3.52111
-2.1816 3.52524
-2.1713 3.53396
-2.16456 3.53966
-2.15446 3.54821
-2.14774 3.55389
-2.13762 3.56245
-2.13086 3.56817
-2.1224 3.57532
-2.11395 3.58246
-2.10552 3.58959
-2.09031 3.60244
-2.08863 3.60386
-2.07514 3.61526
-2.07177 3.61811
-2.05988 3.62816
-2.05492 3.63236
-2.04479 3.64091
-2.03821 3.64648
-2.0279 3.65519
-2.02118 3.66087
-2.01111 3.66939
-2.00436 3.6751
-1.9959 3.68225
-1.9807 3.69511
-1.97902 3.69653
-1.96551 3.70796
-1.96214 3.71081
-1.95035 3.72077
-1.94547 3.7249
-1.93521 3.73358
-1.92859 3.73917
-1.91831 3.74788
-1.91154 3.75359
-1.90141 3.76216
-1.89467 3.76786
-1.88625 3.77498
-1.87106 3.78783
-1.86954 3.78911
-1.85586 3.80068
-1.85248 3.80353
-1.84057 3.8136
-1.83562 3.81779
-1.82553 3.82632
-1.81898 3.83186
-1.80869 3.84056
-1.80194 3.84626
-1.79179 3.85484
-1.78502 3.86057
-1.77489 3.86914
-1.76831 3.8747
-1.75973 3.88195
-1.75214 3.88834
-1.745 3.89427
-1.73252 3.90442
-1.73122 3.90546
-1.72073 3.91368
-1.71814 3.91567
-1.70902 3.92252
-1.70526 3.92527
-1.6973 3.93097
-1.69207 3.93462
-1.68417 3.93998
-1.6791 3.94333
-1.67117 3.94844
-1.66581 3.95179
-1.65771 3.95671
-1.65227 3.95992
-1.64549 3.96381
-1.63302 3.97069
-1.63179 3.97135
-1.62043 3.97725
-1.61776 3.9786
-1.60765 3.98355
-1.60355 3.98549
-1.59503 3.9894
-1.5893 3.99195
-1.58067 3.99565
-1.57486 3.99806
-1.56616 4.00153
-1.56054 4.00369
-1.55349 4.00629
-1.54058 4.01076
-1.53932 4.01118
-1.52783 4.01482
-1.52495 4.01569
-1.51484 4.0186
-1.51049 4.01978
-1.50176 4.02204
-1.4958 4.02349
-1.48713 4.02547
-1.4813 4.02672
-1.474 4.02818
-1.4606 4.03059
-1.45924 4.03082
-1.44714 4.03266
-1.44433 4.03304
-1.43375 4.03436
-1.42946 4.03483
-1.4205 4.03571
-1.41454 4.0362
-1.4056 4.03682
-1.3996 4.03716
-1.3905 4.03753
-1.38444 4.03769
-1.3769 4.03779
-1.36938 4.03779
-1.3617 4.03768
-1.34822 4.03721
-1.3469 4.03715
-1.33497 4.03642
-1.33194 4.03619
-1.32146 4.03527
-1.31694 4.03481
-1.30796 4.03377
-1.30199 4.033
-1.29457 4.03194
-1.28718 4.03078
-1.27978 4.02951
-1.26632 4.02693
-1.26503 4.02666
-1.2531 4.02404
-1.25034 4.02339
-1.23997 4.02081
-1.23563 4.01967
-1.22698 4.01727
-1.22124 4.0156
-1.21408 4.0134
-1.20119 4.00918
-1.19976 4.00869
-1.18845 4.00464
-1.18576 4.00363
-1.17601 3.99985
-1.17185 3.99816
-1.16353 3.99468
-1.15799 3.99226
-1.14975 3.98853
-1.14426 3.98594
-1.13751 3.98266
-1.12551 3.97653
-1.12419 3.97583
-1.11348 3.96999
-1.1106 3.96838
-1.09792 3.96119
-1.09309 3.95845
-1.0843 3.95356
-1.0795 3.95097
-1.07304 3.94765
-1.06884 3.94559
-1.0626 3.94271
-1.05846 3.94089
-1.05321 3.93871
-1.04346 3.935
-1.04234 3.9346
-1.03332 3.93157
-1.0311 3.93087
-1.02341 3.92863
-1.02013 3.92775
-1.01352 3.9261
-1.00902 3.92508
-1.00214 3.92367
-0.997539 3.92283
-0.990685 3.92173
-0.986126 3.92109
-0.979247 3.92028
-0.974514 3.91983
-0.967601 3.91931
-0.963121 3.91907
-0.957487 3.91887
-0.946849 3.91881
-0.945823 3.91883
-0.936443 3.91915
-0.934244 3.91927
-0.92614 3.91988
-0.922794 3.9202
-0.915891 3.92099
-0.911289 3.92162
-0.904437 3.9227
-0.899912 3.92351
-0.893165 3.92487
-0.888662 3.92587
-0.883055 3.92724
-0.872944 3.93001
-0.87183 3.93035
-0.863033 3.93315
-0.86086 3.93389
-0.853188 3.93668
-0.849838 3.93798
-0.843521 3.94057
-0.839155 3.94246
-0.832851 3.94537
-0.828786 3.94734
-0.822549 3.95053
-0.818491 3.95272
-0.812481 3.95613
-0.808588 3.95844
-0.802614 3.96216
-0.798792 3.96466
-0.792982 3.96863
-0.789292 3.97127
-0.783646 3.97549
-0.780016 3.97832
-0.774658 3.98269
-0.771198 3.98563
-0.765933 3.9903
-0.762528 3.99346
-0.757538 3.99828
-0.754284 4.00156
-0.749526 4.00656
-0.746423 4.00996
-0.741906 4.01512
-0.738859 4.01875
-0.734545 4.02413
-0.731669 4.02787
-0.727543 4.03348
-0.724892 4.03725
-0.721046 4.04297
-0.718641 4.04671
-0.714959 4.05271
-0.712659 4.05665
-0.70922 4.06282
-0.707091 4.06684
-0.703979 4.07303
-0.70241 4.07631
-0.700918 4.07953
-0.700544 4.08035
-0.700472 4.08051
-0.700455 4.08055
-0.700457 4.08054
-0.700502 4.08044
-0.700506 4.08044
-0.700506 4.08044
-0.700506 4.08044
-0.700506 4.08044
-0.700504 4.08044
-0.700504 4.08044
-0.700504 4.08044
-0.700503 4.08044
-0.700335 4.08081
-0.699117 4.08351
-0.696147 4.09008
-0.693841 4.09514
-0.690303 4.10263
-0.688197 4.1069
-0.685626 4.11186
-0.680638 4.12079
-0.680066 4.12177
-0.675451 4.12928
-0.674284 4.13109
-0.670083 4.13732
-0.66819 4.14
-0.664232 4.14538
-0.661462 4.14897
-0.657357 4.15406
-0.654814 4.15708
-0.651668 4.16068
-0.64592 4.16693
-0.645268 4.16761
-0.640079 4.17286
-0.639036 4.17388
-0.636805 4.17601
-0.636536 4.17627
-0.636534 4.17627
-0.636534 4.17627
-0.636787 4.17603
-0.638847 4.17408
-0.644901 4.16835
-0.650992 4.16261
-0.660857 4.15333
-0.667442 4.14714
-0.677225 4.13793
-0.683754 4.13179
-0.693402 4.12271
-0.699735 4.11675
-0.707795 4.10917
-0.721997 4.09583
-0.723637 4.09429
-0.736573 4.08214
-0.739829 4.07908
-0.751216 4.06837
-0.756038 4.06384
-0.765652 4.05479
-0.77139 4.04938
-0.77911 4.04199
-0.784196 4.03703
-0.791705 4.02959
-0.796666 4.02458
-0.802725 4.01837
-0.815617 4.005
-0.817054 4.00351
-0.827818 3.99232
-0.830101 3.98995
-0.836471 3.98333
-0.838302 3.98143
-0.839597 3.98009
-0.839658 3.98003
-0.839669 3.98002
-0.839606 3.98008
-0.839554 3.98014
-0.839527 3.98016
-0.839524 3.98017
-0.839487 3.9802
-0.839485 3.98021
-0.839485 3.98021
-0.839487 3.9802
-0.839512 3.98018
-0.839518 3.98017
-0.83952 3.98017
-0.83952 3.98017
-0.83952 3.98017
-0.83952 3.98017
-0.83952 3.98017
-0.83952 3.98017
-0.83952 3.98017
-0.83952 3.98017
-0.83952 3.98017
-0.83952 3.98017
-0.83952 3.98017
-0.83952 3.98017
-0.83952 3.98017
-0.83952 3.98017
-0.83952 3.98017
-0.83952 3.98017
-0.83952 3.98017
-0.83952 3.98017
-0.83952 3.98017
-0.83952 3.98017
-0.83952 3.98017
-0.83952 3.98017
-0.83952 3.98017
-0.83952 3.98017
-0.83952 3.98017
-0.83952 3.98017
-0.83952 3.98017
-0.83952 3.98017
-0.839876 3.9798
-0.841822 3.97779
-0.8455 3.974
-0.857527 3.96174
-0.858923 3.96032
-0.871614 3.94742
-0.874795 3.94419
-0.884251 3.93459
-0.889401 3.92935
-0.895708 3.92289
-0.898338 3.92015
-0.899885 3.91852
-0.900017 3.91838
-0.899989 3.91841
-0.899877 3.91853
-0.899854 3.91856
-0.899854 3.91856
-0.899853 3.91856
-0.899849 3.91856
-0.899843 3.91857
-0.899841 3.91857
-0.899841 3.91857
-0.899841 3.91857
-0.899841 3.91857
-0.899841 3.91857
-0.899841 3.91857
-0.899841 3.91857
-0.899841 3.91857
-0.899841 3.91857
-0.899841 3.91857
-0.899841 3.91857
-0.899841 3.91857
-0.899841 3.91857
-0.899841 3.91857
-0.899841 3.91857
-0.899841 3.91857
-0.899841 3.91857
-0.899841 3.91857
-0.899841 3.91857
-0.899841 3.91857
-0.899841 3.91857
-0.899841 3.91857
-0.899841 3.91857
-0.899841 3.91857
-0.899841 3.91857
-0.899841 3.91857
-0.899841 3.91857
-0.899841 3.91857
-0.899841 3.91857
-0.899841 3.91857
-0.899841 3.91857
-0.899841 3.91857
-0.899841 3.91857
-0.899841 3.91857
-0.899841 3.91857
-0.899841 3.91857
-0.899841 3.91857
-0.899841 3.91857
-0.899841 3.91857
-0.899841 3.91857
-0.899841 3.91857
-0.899841 3.91857
-0.899841 3.91857
-0.899841 3.91857
-0.899841 3.91857
-0.899841 3.91857
-0.899841 3.91857
-0.899841 3.91857
-0.899841 3.91857
-0.899841 3.91857
-0.899841 3.91857
-0.899841 3.91857
-0.899841 3.91857
-0.899841 3.91857
-0.899841 3.91857
-0.899841 3.91857
-0.899841 3.91857
-0.899841 3.91857
-0.899841 3.91857
-0.899841 3.91857
-0.899841 3.91857
-0.899841 3.91857
-0.899841 3.91857
-0.899841 3.91857
