0.249145 0.909131 3.11499 1.78576e+09
0.106025 0.872431 -3.10098 1.78576e+09
0.00893385 0.865545 -3.04228 1.78576e+09
-0.0766668 0.870272 -2.9677 1.78576e+09
-0.132016 0.83857 -2.88322 1.78576e+09
-0.202446 0.825223 -2.80585 1.78576e+09
-0.243276 0.815784 -2.71833 1.78576e+09
-0.278286 0.829186 -2.64403 1.78576e+09
-0.303086 0.829331 -2.55663 1.78576e+09
-0.333003 0.820083 -2.4668 1.78576e+09
-0.355622 0.812199 -2.36853 1.78576e+09
-0.375199 0.789674 -2.27452 1.78576e+09
-0.387396 0.774488 -2.17756 1.78576e+09
-0.400216 0.762211 -2.08128 1.78576e+09
-0.412852 0.747702 -1.9936 1.78576e+09
-0.419619 0.734062 -1.88815 1.78576e+09
-0.422321 0.712977 -1.78421 1.78576e+09
-0.423027 0.693327 -1.67721 1.78576e+09
-0.42558 0.669415 -1.57019 1.78576e+09
-0.427409 0.653433 -1.48149 1.78576e+09
-0.426328 0.633054 -1.38002 1.78576e+09
-0.397658 0.541951 -1.30155 1.78576e+09
-0.36278 0.441044 -1.27299 1.78576e+09
-0.331227 0.342717 -1.26824 1.78576e+09
-0.292032 0.252558 -1.22536 1.78576e+09
-0.266942 0.183295 -1.14634 1.78576e+09
-0.241753 0.134796 -1.06978 1.78576e+09
-0.218713 0.0941665 -0.984033 1.78576e+09
-0.194103 0.0577371 -0.903809 1.78576e+09
-0.161141 0.0258304 -0.803111 1.78576e+09
-0.124056 -0.0065255 -0.7106 1.78576e+09
-0.0874636 -0.03225 -0.603744 1.78576e+09
-0.0508298 -0.0508814 -0.505393 1.78576e+09
-0.00370346 -0.0731322 -0.404806 1.78576e+09
0.11745 -0.115666 -0.321839 1.78576e+09
0.232183 -0.151307 -0.309384 1.78576e+09
0.345992 -0.186443 -0.282554 1.78576e+09
0.435645 -0.206536 -0.196974 1.78576e+09
0.507428 -0.216619 -0.122251 1.78576e+09
0.620654 -0.22724 -0.105353 1.78576e+09
0.743048 -0.240382 -0.104659 1.78576e+09
0.848073 -0.248391 -0.0803501 1.78576e+09
0.957912 -0.256311 -0.0830558 1.78576e+09
1.06855 -0.263873 -0.0881886 1.78576e+09
1.18964 -0.27175 -0.0969606 1.78576e+09
1.29762 -0.282423 -0.104052 1.78576e+09
1.41773 -0.294761 -0.114405 1.78576e+09
1.52889 -0.308107 -0.109817 1.78576e+09
1.56069 -0.308922 -0.0302975 1.78576e+09
1.67937 -0.308104 0.00712449 1.78576e+09
1.77815 -0.302759 0.0202978 1.78576e+09
1.88861 -0.294434 0.0324585 1.78576e+09
2.00188 -0.288742 0.0199684 1.78576e+09
2.11277 -0.282565 -0.00158603 1.78576e+09
2.23101 -0.277468 -0.0355339 1.78576e+09
2.3449 -0.284933 -0.0917075 1.78576e+09
2.45456 -0.29703 -0.125303 1.78576e+09
2.51542 -0.302524 -0.052086 1.78576e+09
2.53771 -0.306491 0.0292192 1.78576e+09
2.56266 -0.307165 0.101109 1.78576e+09
2.58448 -0.307628 0.174635 1.78576e+09
2.60272 -0.302982 0.253236 1.78576e+09
2.62927 -0.293403 0.344392 1.78576e+09
2.65669 -0.282844 0.430332 1.78576e+09
2.67621 -0.273475 0.519478 1.78576e+09
2.7021 -0.26088 0.619417 1.78576e+09
2.71949 -0.247848 0.723752 1.78576e+09
2.73047 -0.232411 0.811627 1.78576e+09
2.74738 -0.21527 0.910893 1.78576e+09
2.75537 -0.198683 1.01138 1.78576e+09
2.75663 -0.18035 1.12527 1.78576e+09
2.76612 -0.137279 1.23991 1.78576e+09
2.80398 -0.0097323 1.2791 1.78576e+09
2.81858 0.049339 1.36879 1.78576e+09
2.81936 0.0747875 1.45882 1.78576e+09
2.81488 0.100378 1.57628 1.78576e+09
2.80716 0.12599 1.6854 1.78576e+09
2.80153 0.152645 1.77692 1.78576e+09
2.77315 0.255403 1.8211 1.78576e+09
2.74003 0.364599 1.85311 1.78576e+09
2.71132 0.459562 1.80854 1.78576e+09
2.70152 0.483507 1.75624 1.78576e+09
2.70059 0.496736 1.67801 1.78576e+09
2.6992 0.516695 1.57524 1.78576e+09
2.69863 0.551267 1.47745 1.78576e+09
2.72014 0.68496 1.41489 1.78576e+09
2.74827 0.807466 1.38749 1.78576e+09
2.78071 0.943824 1.35795 1.78576e+09
2.80519 1.0805 1.37057 1.78576e+09
2.8334 1.20802 1.34852 1.78576e+09
2.86773 1.33835 1.34017 1.78576e+09
2.89606 1.46431 1.32857 1.78576e+09
2.93495 1.58263 1.23114 1.78576e+09
2.95098 1.60449 1.14356 1.78576e+09
2.95857 1.62115 1.06975 1.78576e+09
2.97424 1.64674 0.979358 1.78576e+09
2.98436 1.67559 0.898396 1.78576e+09
3.00376 1.70032 0.806998 1.78576e+09
3.02035 1.72006 0.707388 1.78576e+09
3.03932 1.73737 0.612266 1.78576e+09
3.05794 1.74555 0.520772 1.78576e+09
3.08249 1.76132 0.414935 1.78576e+09
3.10983 1.76828 0.311472 1.78576e+09
3.13472 1.77017 0.215291 1.78576e+09
3.15525 1.7788 0.127815 1.78576e+09
3.17983 1.77964 0.0338992 1.78576e+09
3.2028 1.78064 -0.0675735 1.78576e+09
3.23539 1.77973 -0.167192 1.78576e+09
3.26865 1.77518 -0.276863 1.78576e+09
3.29564 1.76116 -0.380706 1.78576e+09
3.32375 1.74929 -0.492341 1.78576e+09
3.34085 1.72976 -0.596229 1.78576e+09
3.36175 1.71258 -0.707063 1.78576e+09
3.37691 1.70153 -0.788622 1.78576e+09
3.38934 1.68619 -0.894743 1.78576e+09
3.3108 1.76859 -0.891463 1.78576e+09
3.22382 1.84087 -0.946351 1.78576e+09
3.23292 1.85581 -1.07893 1.78576e+09
3.211 1.8846 -1.18319 1.78576e+09
3.21992 1.92264 -1.26314 1.78576e+09
3.21468 1.93174 -1.35653 1.78576e+09
3.23297 1.83697 -1.42071 1.78576e+09
3.23732 1.79697 -1.52318 1.78576e+09
3.22668 1.70298 -1.60799 1.78576e+09
3.20671 1.60252 -1.57198 1.78576e+09
3.19236 1.51399 -1.56717 1.78576e+09
3.18423 1.4146 -1.56531 1.78576e+09
3.17188 1.31521 -1.57028 1.78576e+09
3.15837 1.23118 -1.54307 1.78576e+09
3.13825 1.13251 -1.56656 1.78576e+09
3.08429 0.989828 -1.63222 1.78576e+09
3.06671 0.881577 -1.70114 1.78576e+09
3.05026 0.794911 -1.76619 1.78576e+09
3.04112 0.733389 -1.83292 1.78576e+09
3.01072 0.630793 -1.88048 1.78576e+09
2.97805 0.528597 -1.86485 1.78576e+09
2.93914 0.427233 -1.87391 1.78576e+09
2.89692 0.324946 -1.93662 1.78576e+09
2.84977 0.235179 -2.0449 1.78576e+09
2.80251 0.182189 -2.15802 1.78576e+09
2.76616 0.122814 -2.23548 1.78576e+09
2.74316 0.0958735 -2.3441 1.78576e+09
2.69829 0.0632616 -2.37552 1.78576e+09
2.6782 0.0432893 -2.47104 1.78576e+09
2.6949 0.0532379 -2.58781 1.78576e+09
2.66997 0.0322377 -2.67214 1.78576e+09
2.64936 0.0277721 -2.76927 1.78576e+09
2.62413 0.0309844 -2.88216 1.78576e+09
2.6009 0.0217697 -2.98349 1.78576e+09
2.54441 0.00351476 -3.10953 1.78576e+09
2.52013 0.00499654 3.06822 1.78576e+09
2.51511 0.011087 2.95491 1.78576e+09
2.50123 0.0166192 2.86408 1.78576e+09
2.47314 0.0252215 2.74833 1.78576e+09
2.45478 0.0318931 2.66989 1.78576e+09
2.43592 0.0421708 2.56369 1.78576e+09
2.42225 0.058762 2.47195 1.78576e+09
2.41073 0.0766754 2.37294 1.78576e+09
2.40413 0.0949514 2.27992 1.78576e+09
2.39215 0.110306 2.17299 1.78576e+09
2.34436 0.127072 2.0608 1.78576e+09
2.33396 0.144864 1.94116 1.78576e+09
2.32528 0.163398 1.85017 1.78576e+09
2.32773 0.177912 1.7353 1.78576e+09
2.32891 0.200816 1.64749 1.78576e+09
2.33908 0.221216 1.53958 1.78576e+09
2.34394 0.244987 1.43161 1.78576e+09
2.3558 0.251301 1.32991 1.78576e+09
2.36347 0.270097 1.2382 1.78576e+09
2.37526 0.284497 1.14294 1.78576e+09
2.39238 0.300232 1.05343 1.78576e+09
2.40532 0.309972 0.943171 1.78576e+09
2.40689 0.339285 0.84059 1.78576e+09
2.4286 0.347469 0.744434 1.78576e+09
2.45032 0.358904 0.65658 1.78576e+09
2.46385 0.367774 0.576288 1.78576e+09
2.48462 0.371913 0.452487 1.78576e+09
2.50424 0.37686 0.342289 1.78576e+09
2.52798 0.382491 0.248428 1.78576e+09
2.55136 0.389564 0.145677 1.78576e+09
2.56794 0.40316 0.035318 1.78576e+09
2.58775 0.384849 -0.0438835 1.78576e+09
2.61774 0.380768 -0.147273 1.78576e+09
2.64012 0.372639 -0.246873 1.78576e+09
2.66269 0.363488 -0.349764 1.78576e+09
2.68019 0.376103 -0.430405 1.78576e+09
2.70279 0.336175 -0.540572 1.78576e+09
2.72646 0.319826 -0.639823 1.78576e+09
2.73473 0.33651 -0.741236 1.78576e+09
2.75006 0.319814 -0.847042 1.78576e+09
2.76788 0.302109 -0.955399 1.78576e+09
2.77794 0.28711 -1.04195 1.78576e+09
2.78977 0.271811 -1.14803 1.78576e+09
2.79214 0.255967 -1.2413 1.78576e+09
2.79819 0.236274 -1.32245 1.78576e+09
2.79849 0.218893 -1.42531 1.78576e+09
2.80236 0.197227 -1.53159 1.78576e+09
2.80171 0.182607 -1.62292 1.78576e+09
2.79869 0.159942 -1.7318 1.78576e+09
2.78134 0.146105 -1.8335 1.78576e+09
2.77027 0.120946 -1.92811 1.78576e+09
2.7596 0.0998497 -2.02064 1.78576e+09
2.74767 0.0898334 -2.12144 1.78576e+09
2.73401 0.0734721 -2.2341 1.78576e+09
2.72689 0.0601102 -2.32353 1.78576e+09
2.71391 0.0518655 -2.42598 1.78576e+09
2.69475 0.0378831 -2.52175 1.78576e+09
2.67743 0.0322262 -2.60735 1.78576e+09
2.66003 0.0215407 -2.71207 1.78576e+09
2.62374 0.00878146 -2.81091 1.78576e+09
2.56436 -0.011209 -2.90955 1.78576e+09
2.44037 -0.0324929 -2.95903 1.78576e+09
2.31797 -0.0520969 -2.98252 1.78576e+09
2.19201 -0.0639338 -2.99443 1.78576e+09
2.07146 -0.0826874 -2.99723 1.78576e+09
1.9548 -0.10472 -2.97295 1.78576e+09
1.82241 -0.116919 -2.95657 1.78576e+09
1.71079 -0.133976 -2.94271 1.78576e+09
1.66575 -0.14742 -2.84937 1.78576e+09
1.56332 -0.184639 -2.92373 1.78576e+09
1.52944 -0.182723 -3.0194 1.78576e+09
1.50947 -0.18585 -3.10802 1.78576e+09
1.49231 -0.18663 3.08411 1.78576e+09
1.47115 -0.182924 3.01073 1.78576e+09
1.35599 -0.156372 2.92357 1.78576e+09
1.23384 -0.12468 2.95475 1.78576e+09
1.11855 -0.100647 2.95777 1.78576e+09
0.996295 -0.0807166 2.95037 1.78576e+09
0.864034 -0.0540627 2.94521 1.78576e+09
0.73852 -0.021833 2.93976 1.78576e+09
0.615308 0.00382421 2.94161 1.78576e+09
0.490797 0.0331999 2.92457 1.78576e+09
0.360154 0.065013 2.90559 1.78576e+09
0.304002 0.0872643 2.83218 1.78576e+09
0.24657 0.109064 2.74937 1.78576e+09
0.188464 0.135176 2.66653 1.78576e+09
0.143862 0.162672 2.57967 1.78576e+09
0.0905779 0.185877 2.49681 1.78576e+09
0.0612134 0.215397 2.42093 1.78576e+09
0.0266595 0.246206 2.32354 1.78576e+09
-2.95176e-05 0.286044 2.23911 1.78576e+09
-0.0278213 0.324687 2.13589 1.78576e+09
-0.0535216 0.366976 2.03539 1.78576e+09
-0.0752309 0.415139 1.9243 1.78576e+09
-0.0815614 0.457597 1.83013 1.78576e+09
-0.0885576 0.50373 1.72889 1.78576e+09
-0.0910314 0.544237 1.63694 1.78576e+09
-0.0873289 0.628229 1.68911 1.78576e+09
-0.0886484 0.660242 1.7601 1.78576e+09
-0.0973405 0.691943 1.84181 1.78576e+09
-0.108234 0.716853 1.91449 1.78576e+09
-0.112834 0.732893 1.99363 1.78576e+09
-0.118437 0.747573 2.07612 1.78576e+09
-0.132852 0.767167 2.16275 1.78576e+09
-0.141242 0.789712 2.23925 1.78576e+09
-0.151989 0.804847 2.33055 1.78576e+09
-0.169774 0.816883 2.42519 1.78576e+09
-0.191176 0.836988 2.52909 1.78576e+09
-0.211065 0.850083 2.61128 1.78576e+09
-0.234671 0.857614 2.70471 1.78576e+09
-0.264853 0.862694 2.80459 1.78576e+09
-0.289594 0.867653 2.89125 1.78576e+09
-0.317479 0.869194 2.98831 1.78576e+09
-0.34083 0.871086 3.08409 1.78576e+09
-0.363071 0.872368 -3.10953 1.78576e+09
-0.384227 0.86848 -3.01043 1.78576e+09
-0.426644 0.860344 -3.06116 1.78576e+09
-0.445604 0.856983 -3.13447 1.78576e+09
-0.473585 0.857957 3.0564 1.78576e+09
-0.496418 0.862215 2.99098 1.78576e+09
-0.359343 0.828236 3.00717 1.78576e+09
-0.214057 0.800725 3.04216 1.78576e+09
